1.000000000000000021e-03
1.588116453103755130e-03
2.522103811890188257e-03
4.005376350736358955e-03
6.360976310009970776e-03
1.010192710364780748e-02
1.604296543253775839e-02
2.547798233738763490e-02
4.046182712060066022e-02
6.425781207348078838e-02
1.020484304375930407e-01
1.620640711592957472e-01
2.573754983481857384e-01
4.087404624010707588e-01
6.491244976102891195e-01
1.030880814175853200e+00
1.637151641649837286e+00
2.599975896180361623e+00
4.129045902917818367e+00
6.557377237835854800e+00
1.041383304507225382e+01
1.653830516778575443e+01
2.626463824080154197e+01
4.171112262657459269e+01
6.624182778666968829e+01
1.051992583524583864e+02
1.670679469958747063e+02
2.653221973696510645e+02
4.213606694938416695e+02
6.691668062183482562e+02
1.062710196078504396e+03
1.687700143181742078e+03
2.680252272163183079e+03
4.256533955928200157e+03
6.759842181925356272e+03
1.073536913833188009e+04
1.704893899378014612e+04
2.707558286820467401e+04
4.299899080786269769e+04
6.828709985705600411e+04
1.084473810898503580e+05
1.722263215462884691e+05
2.735142535393469152e+05
4.343705211714806501e+05
6.898279409661054378e+05
1.095522331562608480e+06
1.739809336607914185e+06
2.763007319589786697e+06
4.387958317390194163e+06
6.968558334271196276e+06
1.106683262213585153e+07
1.757534049288203195e+07
2.791156604818744957e+07
4.432662232693477720e+07
7.039551889214551449e+07
1.117957927871557623e+08
1.775439642369366586e+08
2.819592402060076594e+08
4.477820849498671889e+08
7.111270064580234289e+08
1.129347557347290516e+09
1.793527392904577017e+09
2.848317685019065857e+09
4.523440506126983643e+09
7.183718655779698372e+09
1.140852989107555389e+10
1.811799514378153229e+10
2.877336072355766296e+10
4.569524453322824860e+10
7.256904250515922546e+10
1.152475895778104401e+11
1.830257914907922058e+11
2.906649640242287598e+11
4.616077644634696045e+11
7.330836962348195801e+11
1.164217144877063965e+12
1.848903991443594482e+12
2.936262087578117676e+12
4.663105784472152344e+12
7.405522046869901367e+12
1.176077851458116016e+13
1.867740467529605469e+13
2.966176356464305469e+13
4.710612234679496875e+13
7.480967717480609375e+13
1.188059615194107969e+14
1.886768673792528750e+14
2.996394730037380625e+14
4.758603000423198125e+14
7.557182488959205000e+14
1.200163172632269250e+15
1.905990186547072500e+15
3.026920846822112000e+15
4.807080759018084000e+15
7.634167183646093000e+15
1.212388718710321600e+16
1.925404581445106000e+16
3.057749363892377600e+16
4.856030465112856000e+16
7.711884140120972800e+16
1.224725540997051520e+17
1.944982650400611840e+17
3.088806174097664000e+17
4.905264231036860800e+17
7.789848353144332800e+17
1.237050374163916800e+18
1.964413311503828736e+18
3.119304435717806592e+18
4.952789740292549632e+18
7.863030784296352768e+18
1.248094684394004685e+19
1.980495814703159706e+19
3.141175388466036736e+19
4.978294701507080192e+19
7.880377885029169562e+19
1.245060880180294943e+20
1.961269718070766469e+20
3.075097748512350536e+20
4.786817887262982144e+20
7.369891363516359639e+20
1.116250714791901004e+21
1.651259142523333902e+21
2.364813804014066467e+21
3.248388954844771123e+21
4.246902894660642406e+21
5.264731979836222865e+21
6.198237677455511912e+21
6.974277493996410372e+21
7.567484372132165583e+21
7.991417382134165275e+21
8.278847958100736999e+21
8.465579911182460912e+21
8.582214792576566821e+21
8.651872750401812955e+21
8.690741014874044760e+21
8.709784255095015211e+21
8.716175015666860950e+21
8.714545203667184648e+21
8.707857849775040758e+21
8.697994390103388062e+21
8.686137492660561117e+21
8.673039382816906805e+21
8.659174253812785349e+21
8.644831766520498487e+21
8.630201499064148689e+21
8.615405468615419363e+21
8.600530008766659166e+21
8.585594948509368320e+21
8.570622656573239984e+21
8.555649426658081898e+21
8.540694293047856333e+21
8.525762770810471186e+21
8.510850495781894357e+21
8.495956166709124006e+21
8.481087156402247434e+21
8.466249195371865571e+21
8.451440396033491730e+21
8.436658308292082139e+21
8.421903593490722324e+21
8.407175216177225925e+21
8.392475148246722806e+21
8.377803924170760782e+21
8.363163958470499107e+21
8.348553488918860792e+21
8.333970959405413302e+21
8.319414491314172985e+21
8.304882488314893959e+21
8.290377780672402031e+21
8.275900479505328767e+21
8.261454601015343972e+21
8.247035981396842643e+21
8.232644729896709390e+21
8.218280702741100626e+21
8.203945989584360309e+21
8.189637190537172746e+21
8.175355419232294666e+21
8.161103424893993615e+21
8.146877934137352651e+21
8.132678930869685060e+21
8.118505975193692799e+21
8.104360511673475269e+21
8.090242236354739044e+21
8.076151301703653655e+21
8.062087082043071529e+21
8.048049690119353926e+21
8.034038844189507060e+21
8.020054533157801689e+21
8.006097301950287577e+21
7.992167177744042426e+21
7.978263763346879676e+21
7.964387188466939593e+21
7.950536438899900678e+21
7.936712167667850543e+21
7.922913863134744674e+21
7.909141994233638420e+21
7.895397113139516408e+21
7.881678833554517131e+21
7.867987155478639542e+21
7.854319605922253505e+21
7.840678487774303617e+21
7.827062420794577519e+21
7.813473419450273235e+21
7.799911375009685176e+21
7.786375001400340906e+21
7.772864261590923346e+21
7.759377897283014099e+21
7.745915702019720479e+21
7.732478891077050302e+21
7.719067711540361691e+21
7.705682483969274151e+21
7.692323434290687771e+21
7.678990156159537644e+21
7.665682586150668075e+21
7.652400827355599208e+21
7.639144610754838135e+21
7.625913297911624499e+21
7.612707158307296510e+21
7.599525789595205632e+21
7.586369298184386118e+21
7.573237469342473388e+21
7.560130188184561648e+21
7.547047613697320026e+21
7.533989888645011603e+21
7.520957646451751518e+21
7.507950491257562726e+21
7.494968423062444179e+21
7.482009366109477667e+21
7.469074825499424850e+21
7.456163944634697908e+21
7.443278331129282691e+21
7.430418245417296724e+21
7.417582431435600429e+21
7.404770686019437593e+21
7.391982006774034072e+21
7.379216099011653009e+21
7.366474111818946052e+21
7.353756278580082377e+21
7.341062916616526758e+21
7.328394186497727660e+21
7.315749628845348618e+21
7.303129227053063209e+21
7.290533084913893114e+21
7.277961081292107809e+21
7.265413086377436774e+21
7.252889206641054974e+21
7.240389004003112911e+21
7.227909619681633239e+21
7.215453699752602894e+21
7.203021884602638664e+21
7.190614451826875957e+21
7.178230660540448899e+21
7.165870790031734473e+21
7.153532586281860596e+21
7.141216173759170347e+21
7.128922819542620570e+21
7.116654398278784254e+21
7.104409350119704494e+21
7.092186340617654108e+21
7.079985944375967351e+21
7.067808567500185010e+21
7.055654177093668831e+21
7.043523440363257725e+21
7.031416111015413154e+21
7.019331266843085111e+21
7.007269697823195529e+21
6.995229346136716214e+21
6.983211659380209484e+21
6.971217939906109112e+21
6.959246122008809832e+21
6.947296283242283401e+21
6.935368018125840712e+21
6.923462298959869903e+21
6.911578952003098771e+21
6.899718191574234956e+21
6.887879725622310732e+21
6.876062989243957379e+21
6.864268515175930266e+21
6.852495693849909264e+21
6.840744904140379914e+21
6.829016967827605684e+21
6.817311542634110517e+21
6.805627807639173857e+21
6.793966027600472048e+21
6.782325739495990755e+21
6.770706899116603998e+21
6.759109426219915936e+21
6.747533235875070607e+21
6.735978435708567159e+21
6.724445032852078199e+21
6.712933647849371992e+21
6.701443729675615470e+21
6.689975218848526238e+21
6.678528756497807049e+21
6.667104039167649120e+21
6.655700652854147547e+21
6.644318593609511207e+21
6.632957721755071283e+21
6.621615991684895605e+21
6.610296507780009296e+21
6.598997247999774556e+21
6.587720376726593733e+21
6.576464764640542327e+21
6.565229668029179101e+21
6.554014892234606903e+21
6.542820627231467897e+21
6.531647593595240710e+21
6.520495470576783065e+21
6.509364393276890677e+21
6.498253928001774289e+21
6.487163911484630630e+21
6.476094475429953405e+21
6.465045269493665759e+21
6.454016787674048758e+21
6.443009646433375617e+21
6.432023441564015526e+21
6.421057429631677759e+21
6.410111920677829214e+21
6.399186284200999256e+21
6.388280687012404527e+21
6.377394885980178088e+21
6.366528880061535224e+21
6.355682758380746703e+21
6.344856624526157414e+21
6.334051087824284811e+21
6.323265634119645659e+21
6.312500522106104054e+21
6.301755439586361737e+21
6.291029891695185494e+21
6.280324342725079990e+21
6.269638199742191108e+21
6.258971872296740848e+21
6.248326172257101545e+21
6.237700743196704768e+21
6.227094741744470721e+21
6.216508486220165153e+21
6.205941454124423840e+21
6.195393676548879942e+21
6.184865052553798222e+21
6.174355547192783012e+21
6.163865235729723425e+21
6.153394187127360586e+21
6.142942952733153427e+21
6.132510886468112089e+21
6.122098197035888935e+21
6.111705324489506030e+21
6.101332015723509187e+21
6.090977834622072652e+21
6.080642867606965977e+21
6.070326831753282454e+21
6.060027922724216111e+21
6.049749099480193434e+21
6.039488404197027611e+21
6.029247948948913521e+21
6.019026524456960918e+21
6.008823530888639807e+21
5.998638737910514319e+21
5.988472514417109500e+21
5.978325312462332625e+21
5.968196984536645501e+21
5.958087555126603547e+21
5.947996566902509928e+21
5.937924053432293917e+21
5.927869967831862870e+21
5.917834086251589796e+21
5.907816920228173971e+21
5.897818966834851873e+21
5.887839814776514413e+21
5.877878827422646796e+21
5.867936282769071538e+21
5.858011532464859644e+21
5.848104823579475968e+21
5.838215869526310912e+21
5.828344719277781156e+21
5.818491435966054531e+21
5.808656175994405650e+21
5.798839441956595040e+21
5.789040810081022640e+21
5.779260484262851248e+21
5.769498086393863209e+21
5.759753358925082132e+21
5.750026493731275801e+21
5.740317159972102210e+21
5.730625832941844955e+21
5.720952995242860085e+21
5.711298242104498586e+21
5.701661008641992425e+21
5.692041422101125530e+21
5.682438129477431067e+21
5.672851662990785642e+21
5.663282861995107287e+21
5.653731483308759450e+21
5.644197979220053328e+21
5.634682366205956719e+21
5.625184561396534215e+21
5.615704565254109266e+21
5.606242376933479285e+21
5.596797712185687015e+21
5.587369389512624964e+21
5.577958601558005383e+21
5.568565763618913649e+21
5.559188584953955746e+21
5.549828051720746303e+21
5.540484986432480346e+21
5.531159653600755450e+21
5.521851901192855093e+21
5.512560655677053207e+21
5.503286152704891552e+21
5.494028406163592184e+21
5.484788083767816225e+21
5.475564842530750071e+21
5.466358651204455629e+21
5.457167882391715316e+21
5.447994033264925868e+21
5.438836584893603906e+21
5.429696671972330570e+21
5.420573889097159934e+21
5.411467561084926296e+21
5.402377864500211614e+21
5.393304487672631263e+21
5.384247332566880748e+21
5.375206443994565313e+21
5.366181765748769161e+21
5.357173348797598663e+21
5.348181193141052768e+21
5.339205579109333729e+21
5.330246391970891039e+21
5.321303375737961578e+21
5.312376988169616228e+21
5.303467088805903729e+21
5.294573638926166131e+21
5.285696068868591583e+21
5.276834106872583684e+21
5.267988158575465726e+21
5.259158288793334710e+21
5.250345272381588636e+21
5.241548751257788744e+21
5.232768019721042788e+21
5.224003353392635183e+21
5.215254407946242621e+21
5.206521024701485023e+21
5.197803160210427085e+21
5.189100179656890384e+21
5.180412387413372961e+21
5.171741013393847353e+21
5.163085551923313508e+21
5.154446329149531357e+21
5.145822334683273232e+21
5.137213481819009188e+21
5.128621543575018013e+21
5.120045433445594169e+21
5.111484040031749800e+21
5.102937880288953369e+21
5.094408386382661681e+21
5.085894885760673251e+21
5.077396388920417059e+21
5.068912930722458632e+21
5.060443554050677408e+21
5.051989067416600576e+21
5.043550927258729316e+21
5.035127578506822681e+21
5.026720497241693356e+21
5.018327678797070991e+21
5.009949937141588951e+21
5.001588049860020404e+21
4.993242181710802584e+21
4.984910978647520707e+21
4.976594372114858902e+21
4.968292019774952571e+21
4.960005031602144936e+21
4.951733091769538052e+21
4.943476285554324144e+21
4.935234477751333290e+21
4.927007717352590541e+21
4.918796004358095897e+21
4.910598438973922607e+21
4.902414491782765085e+21
4.894245609819713044e+21
4.886091767276331074e+21
4.877953633378748072e+21
4.869830007687517045e+21
4.861720302785752203e+21
4.853624476290642870e+21
4.845543870537990668e+21
4.837478749727724929e+21
4.829428692101129830e+21
4.821393253693232513e+21
4.813372163834925548e+21
4.805365094579791987e+21
4.797371716690724782e+21
4.789392268794914669e+21
4.781427538698782638e+21
4.773477248510196711e+21
4.765541513971842941e+21
4.757619772402677318e+21
4.749712335567692235e+21
4.741818884788051771e+21
4.733939659790013694e+21
4.726075073601096122e+21
4.718224870796485984e+21
4.710389051376181707e+21
4.702566331298405679e+21
4.694757776447050351e+21
4.686962742840679465e+21
4.679182260836139794e+21
4.671416396146924323e+21
4.663664522013158408e+21
4.655926444871103021e+21
4.648202080890084917e+21
4.640491219341789889e+21
4.632794042289693917e+21
4.625110620590135837e+21
4.617440896183662805e+21
4.609784861238358442e+21
4.602142247813309268e+21
4.594513411971052208e+21
4.586898568468001980e+21
4.579296811920465068e+21
4.571708522120364950e+21
4.564134261318709936e+21
4.556574440337009803e+21
4.549028742279765950e+21
4.541495467929215959e+21
4.533975564838877266e+21
4.526469115022521401e+21
4.518976570661421449e+21
4.511497632359559725e+21
4.504031907821993329e+21
4.496579571553849573e+21
4.489139582848155517e+21
4.481713179577241043e+21
4.474299658797454459e+21
4.466899897248628343e+21
4.459513979658926817e+21
4.452141490490679755e+21
4.444782079417863635e+21
4.437435874572671910e+21
4.430102406334547231e+21
4.422781877499886305e+21
4.415473784754809602e+21
4.408178218050382201e+21
4.400895679858001576e+21
4.393626991199763038e+21
4.386370543102303142e+21
4.379127597331652805e+21
4.371898966844113420e+21
4.364682858167287153e+21
4.357479165625773851e+21
4.350287686255353266e+21
4.343108894290046616e+21
4.335942845712041509e+21
4.328789752010997498e+21
4.321649587561916531e+21
4.314522284705668137e+21
4.307407753470593729e+21
4.300305916112480502e+21
4.293216695597599293e+21
4.286140104549103829e+21
4.279076236865836155e+21
4.272025009659592573e+21
4.264986182615721050e+21
4.257959522169250120e+21
4.250944997335064642e+21
4.243942776481396556e+21
4.236952857200785097e+21
4.229975163868563374e+21
4.223011614594029847e+21
4.216061293077978415e+21
4.209122824684813943e+21
4.202195610544574038e+21
4.195280950507470324e+21
4.188378793943065690e+21
4.181487799380117291e+21
4.174610137002373284e+21
4.167744875606413672e+21
4.160891388563728368e+21
4.154049628689696031e+21
4.147220053510425412e+21
4.140402628856281301e+21
4.133597497979851244e+21
4.126804567954484625e+21
4.120023398545232495e+21
4.113254337787977007e+21
4.106497107365931778e+21
4.099751656211753206e+21
4.093018475363988668e+21
4.086297812232436187e+21
4.079589281721501090e+21
4.072892529631970198e+21
4.066207650747066614e+21
4.059534276647508247e+21
4.052872559661367165e+21
4.046222348975189524e+21
4.039583729013082817e+21
4.032956699775047565e+21
4.026341516980421394e+21
4.019738267228923494e+21
4.013146466962281333e+21
4.006566728490808771e+21
3.999998968195594584e+21
3.993442906994042733e+21
3.986897456664355537e+21
3.980363166381119111e+21
3.973840882643723878e+21
3.967330769063783170e+21
3.960832377313176846e+21
3.954344879863625679e+21
3.947868598795076895e+21
3.941403884512700006e+21
3.934950627243897913e+21
3.928509466036926939e+21
3.922079595557629198e+21
3.915661340448987283e+21
3.909254472159141560e+21
3.902858860340667482e+21
3.896474508178459460e+21
3.890100552222217601e+21
3.883738189970014208e+21
3.877386553850986496e+21
3.871046367385238372e+21
3.864718044335670559e+21
3.858399982129827545e+21
3.852092827866415759e+21
3.845797119003185381e+21
3.839512949047223648e+21
3.833240160110707737e+21
3.826978195781411930e+21
3.820727137014404612e+21
3.814486905429128380e+21
3.808257862161820287e+21
3.802039807809725399e+21
3.795832830656512524e+21
3.789636803286220669e+21
3.783451405462305505e+21
3.777276909033468985e+21
3.771113099427519660e+21
3.764960209011991380e+21
3.758818526825715597e+21
3.752687842802754650e+21
3.746568156943106966e+21
3.740458418580515455e+21
3.734359416325100536e+21
3.728270867342665187e+21
3.722193586765642072e+21
3.716126866425131303e+21
3.710070037603831251e+21
3.704023976394034250e+21
3.697988769546522067e+21
3.691964723771839873e+21
3.685951329292354847e+21
3.679948341926010814e+21
3.673955683897797247e+21
3.667973611649457717e+21
3.662002369780714045e+21
3.656041782159024325e+21
3.650091595624988803e+21
3.644151126818733687e+21
3.638221084522881483e+21
3.632301468304032662e+21
3.626392746582719594e+21
3.620494631608726847e+21
3.614606723393663795e+21
3.608729195013576065e+21
3.602861707577447154e+21
3.597004363040665108e+21
3.591157111695856370e+21
3.585319953708592136e+21
3.579492909773959987e+21
3.573675998653789503e+21
3.567869465833541468e+21
3.562073117053925458e+21
3.556286799279946203e+21
3.550510995219810353e+21
3.544745488753499308e+21
3.538990277650292933e+21
3.533244478860327649e+21
3.527508786070278373e+21
3.521782842484397179e+21
3.516067400664787976e+21
3.510362304549005296e+21
3.504667241072550216e+21
3.498982098455827055e+21
3.493306858337182679e+21
3.487641296863228854e+21
3.481985510862271021e+21
3.476339350816220512e+21
3.470702906777909854e+21
3.465076178747339047e+21
3.459459366622411620e+21
3.453852648128376734e+21
3.448255477870866989e+21
3.442668421824421298e+21
3.437091460728642077e+21
3.431524396338993168e+21
3.425966987160911348e+21
3.420419362876771271e+21
3.414881197942302048e+21
3.409352593200902046e+21
3.403833494037464089e+21
3.398323820862752948e+21
3.392823613214461788e+21
3.387332864572980199e+21
3.381851568418696200e+21
3.376379718231999382e+21
3.370917436929006895e+21
3.365465175701328495e+21
3.360022245884559360e+21
3.354588667426212676e+21
3.349165445514219487e+21
3.343751737089400504e+21
3.338347218952866234e+21
3.332951739804921364e+21
3.327565424929378664e+21
3.322188419804476998e+21
3.316820873604898488e+21
3.311462850490622542e+21
3.306114069178292371e+21
3.300774717370561724e+21
3.295444406142079861e+21
3.290123091043476308e+21
3.284811693144210932e+21
3.279510027529467462e+21
3.274217331633439638e+21
3.268933503189797831e+21
3.263658335109806817e+21
3.258392183151168324e+21
3.253135050896184443e+21
3.247887165375509430e+21
3.242649072445034594e+21
3.237420826450853364e+21
3.232201330570846798e+21
3.226989939794460541e+21
3.221786680628174914e+21
3.216594052793984090e+21
3.211410758193215177e+21
3.206236590424264278e+21
3.201071560303529951e+21
3.195915108697432916e+21
3.190767196340761395e+21
3.185627750611879461e+21
3.180497437144604738e+21
3.175376060558357299e+21
3.170263743900080931e+21
3.165160170239879021e+21
3.160065438396726641e+21
3.154979394282056581e+21
3.149902145437693903e+21
3.144834026344850391e+21
3.139774847181858013e+21
3.134724607948716769e+21
3.129682714499312779e+21
3.124649339016220508e+21
3.119624482768569238e+21
3.114608499962816758e+21
3.109601714660444733e+21
3.104603740925721575e+21
3.099614293432713347e+21
3.094633426941323510e+21
3.089660912797896671e+21
3.084696876898988327e+21
3.079741407513652232e+21
3.074794448919030399e+21
3.069856001115121254e+21
3.064925922623183389e+21
3.060004315653493228e+21
3.055091508910710325e+21
3.050186849804486705e+21
3.045290538606415315e+21
3.040402860927001035e+21
3.035524243621927191e+21
3.030654434330101154e+21
3.025792481627425210e+21
3.020938790445040796e+21
3.016093435741098476e+21
3.011256753360889971e+21
3.006428582919531921e+21
3.001608641502699848e+21
2.996797046170082869e+21
2.991993329344272925e+21
2.987197730794250437e+21
2.982410349578772546e+21
2.977631161070455882e+21
2.972860788381888020e+21
2.968098265152927302e+21
2.963343846690558312e+21
2.958598385420012093e+21
2.953860963050892296e+21
2.949131500494165377e+21
2.944409829135491793e+21
2.939696421513699787e+21
2.934991171340839420e+21
2.930294147525943230e+21
2.925605177502903828e+21
2.920924198381539557e+21
2.916251251741178724e+21
2.911586227578419020e+21
2.906929273827213967e+21
2.902280609705222472e+21
2.897639906036926120e+21
2.893007334563979985e+21
2.888382588695004316e+21
2.883765746313140371e+21
2.879156707320036065e+21
2.874555587991625007e+21
2.869962671461925650e+21
2.865377786338686271e+21
2.860800932621906346e+21
2.856231417034482647e+21
2.851669725104319234e+21
2.847115604284583444e+21
2.842569595078089114e+21
2.838031832298184245e+21
2.833501922330985628e+21
2.828979709247853953e+21
2.824464951330162082e+21
2.819957307748049748e+21
2.815457166404934959e+21
2.810964834470404817e+21
2.806480267733158593e+21
2.802003719952767910e+21
2.797535067754363093e+21
2.793074283474473452e+21
2.788621384194371092e+21
2.784176315051381621e+21
2.779738528493949420e+21
2.775308382593332281e+21
2.770886163497070625e+21
2.766471533169891344e+21
2.762064540572471788e+21
2.757664902582667575e+21
2.753272088497076306e+21
2.748887065439858852e+21
2.744509458099249611e+21
2.740139812650645717e+21
2.735777017218070479e+21
2.731421408821724578e+21
2.727073495322623214e+21
2.722733366424863506e+21
2.718401022888797274e+21
2.714075883250363924e+21
2.709758066748328247e+21
2.705447546445896876e+21
2.701144673838705410e+21
2.696849277644994773e+21
2.692561357864765489e+21
2.688280131919726772e+21
2.684006300005397692e+21
2.679739607178845618e+21
2.675480618637118145e+21
2.671229131448026923e+21
2.666984883729268212e+21
2.662747892911446163e+21
2.658518078081476854e+21
2.654295327350948102e+21
2.650079685564898476e+21
2.645871060246432580e+21
2.641669513027456598e+21
2.637475043907972104e+21
2.633287819386824425e+21
2.629107960921357550e+21
2.624935040713656107e+21
2.620769500912506896e+21
2.616611354817241547e+21
2.612460442927797109e+21
2.608316562501154636e+21
2.604179819121472438e+21
2.600049967280228925e+21
2.595927070462743413e+21
2.591811097587318522e+21
2.587701984340142981e+21
2.583599761081220727e+21
2.579504422592773095e+21
2.575415963657020375e+21
2.571334379056183902e+21
2.567259817624240390e+21
2.563192605849607471e+21
2.559132091167709594e+21
2.555078563849360114e+21
2.551032580826472645e+21
2.546992709446798934e+21
2.542959320436600472e+21
2.538933124710566724e+21
2.534914166689351336e+21
2.530902385316609917e+21
2.526897477713589174e+21
2.522899272999738278e+21
2.518907675262448566e+21
2.514922934343794426e+21
2.510944965003192566e+21
2.506973974986355114e+21
2.503009365953040351e+21
2.499051593438707843e+21
2.495100301828114350e+21
2.491155757956203020e+21
2.487218302936802132e+21
2.483287285086503830e+21
2.479362557055265145e+21
2.475444674780155871e+21
2.471533598525900194e+21
2.467629490816655819e+21
2.463731956365151699e+21
2.459840989670936150e+21
2.455956462046387634e+21
2.452078560070198624e+21
2.448207501250893185e+21
2.444343138517621670e+21
2.440485363062175433e+21
2.436633496517401903e+21
2.432788237839586296e+21
2.428949433318710968e+21
2.425117544377809895e+21
2.421292324241924424e+21
2.417473481172589740e+21
2.413661070144307200e+21
2.409854582343387841e+21
2.406054234395129676e+21
2.402260418385549459e+21
2.398472990124294013e+21
2.394692224443524055e+21
2.390918038385450811e+21
2.387150383038210245e+21
2.383389272674474656e+21
2.379634712034449818e+21
2.375886482988047794e+21
2.372144399584984564e+21
2.368408869107415384e+21
2.364679762013711761e+21
2.360956993040670261e+21
2.357240615310752743e+21
2.353530054781901996e+21
2.349825511503723758e+21
2.346127487792736895e+21
2.342435367381824700e+21
2.338749927673660703e+21
2.335070331555576545e+21
2.331397389537367556e+21
2.327730633374045569e+21
2.324070135230110368e+21
2.320415803639288037e+21
2.316767687373843595e+21
2.313125459241023832e+21
2.309489238860210635e+21
2.305859368573271015e+21
2.302235419244889113e+21
2.298618034306041250e+21
2.295006872121358680e+21
2.291401657796104552e+21
2.287802341512467972e+21
2.284208770228041548e+21
2.280621366041886065e+21
2.277040119373969490e+21
2.273465075470197850e+21
2.269896144464705225e+21
2.266333322470430605e+21
2.262776622732919439e+21
2.259225640356367041e+21
2.255680106607554855e+21
2.252140706780374893e+21
2.248607479640540578e+21
2.245080574049270890e+21
2.241559144152994152e+21
2.238043533900147589e+21
2.234534088757496513e+21
2.231031083121984930e+21
2.227534303135619351e+21
2.224042749290235036e+21
2.220557002106688504e+21
2.217077191858122654e+21
2.213603448031106302e+21
2.210135583770767524e+21
2.206673478841110626e+21
2.203217188473629311e+21
2.199766688566311125e+21
2.196321995972175462e+21
2.192883110691222323e+21
2.189449551417152897e+21
2.186021469781495382e+21
2.182599286431287345e+21
2.179183108365603570e+21
2.175773128653016924e+21
2.172368717002726965e+21
2.168970089214621516e+21
2.165577021582029619e+21
2.162189862668307005e+21
2.158808686091257774e+21
2.155432544019222888e+21
2.152062130209507246e+21
2.148697611193998639e+21
2.145338635687953695e+21
2.141985023113594929e+21
2.138637498156186862e+21
2.135295390232558961e+21
2.131958635528967422e+21
2.128628120743852900e+21
2.125303141227171414e+21
2.121983559063469031e+21
2.118669276132291903e+21
2.115360635453310239e+21
2.112057580900763304e+21
2.108760164304290578e+21
2.105468267883218600e+21
2.102181819525350294e+21
2.098900881098417111e+21
2.095625351268492116e+21
2.092355342462681350e+21
2.089091017215712690e+21
2.085832143004744024e+21
2.082578834622212211e+21
2.079330865234701976e+21
2.076088317372992324e+21
2.072851103849553068e+21
2.069619314731831263e+21
2.066393148136798814e+21
2.063172481331100123e+21
2.059957314314735452e+21
2.056747190093348602e+21
2.053542370831982395e+21
2.050342746765295092e+21
2.047148435075129672e+21
2.043959497187106750e+21
2.040776076118421668e+21
2.037598168677258363e+21
2.034425607644373320e+21
2.031258464682925883e+21
2.028096620649129968e+21
2.024940121646189511e+21
2.021788675200874447e+21
2.018642217003841487e+21
2.015501301777910989e+21
2.012365295516998173e+21
2.009234907589084971e+21
2.006109484208558178e+21
2.002989517705325052e+21
1.999875046809375343e+21
1.996765615779911565e+21
1.993661279804311994e+21
1.990561845103108817e+21
1.987467555137667203e+21
1.984378555840528908e+21
1.981294822860721488e+21
1.978216276824684495e+21
1.975142781493075771e+21
1.972074401955528573e+21
1.969011091629071401e+21
1.965952998777420513e+21
1.962900156771726787e+21
1.959852506885909905e+21
1.956810037643714494e+21
1.953772125811354108e+21
1.950739440901951586e+21
1.947711571658204774e+21
1.944688991263630033e+21
1.941671551121612079e+21
1.938658806005898150e+21
1.935651508736933757e+21
1.932649119873387201e+21
1.929651419925067858e+21
1.926659286669168738e+21
1.923672093121815249e+21
1.920689698096069214e+21
1.917712038859324260e+21
1.914739412190626841e+21
1.911771758122439279e+21
1.908809128076711035e+21
1.905851430445256016e+21
1.902898556155913568e+21
1.899950629742901985e+21
1.897007499914814685e+21
1.894069278375467024e+21
1.891136199562056696e+21
1.888208162059184767e+21
1.885284941627328823e+21
1.882366617971039142e+21
1.879452815372060983e+21
1.876543835368694743e+21
1.873639548769520058e+21
1.870740263643896611e+21
1.867846065885092774e+21
1.864956767314437210e+21
1.862072221799724089e+21
1.859192472028755788e+21
1.856317356246530785e+21
1.853446945138810290e+21
1.850581193732976804e+21
1.847720126999292281e+21
1.844863744937756459e+21
1.842012129387596218e+21
1.839165378125692666e+21
1.836323263364453630e+21
1.833485805300781416e+21
1.830653017250416034e+21
1.827824896855581393e+21
1.825001625840440574e+21
1.822183518257122378e+21
1.819370169381545837e+21
1.816561428982791930e+21
1.813756951042099249e+21
1.810956788655510782e+21
1.808161634316853707e+21
1.805370920408095916e+21
1.802585160540896887e+21
1.799803894076892512e+21
1.797027306114857828e+21
1.794255363004350071e+21
1.791487831496983839e+21
1.788725166448485073e+21
1.785966651758180041e+21
1.783213430144874840e+21
1.780464499710276403e+21
1.777719985063210254e+21
1.774980024029063676e+21
1.772244612686458651e+21
1.769513697581574914e+21
1.766787044473915310e+21
1.764064764834604646e+21
1.761346985283140977e+21
1.758633958204345680e+21
1.755925506926608646e+21
1.753221600718681539e+21
1.750522228181267644e+21
1.747827403978930127e+21
1.745136778248366326e+21
1.742450407569179804e+21
1.739768919773126066e+21
1.737091443645376365e+21
1.734418245094958957e+21
1.731749654812082307e+21
1.729085706898971820e+21
1.726426197267328532e+21
1.723771056421731566e+21
1.721120196990877303e+21
1.718473677548493734e+21
1.715831687125538963e+21
1.713194015588331553e+21
1.710560779199757156e+21
1.707931883320889311e+21
1.705307206488245404e+21
1.702686852404191691e+21
1.700070755004061319e+21
1.697459083543908188e+21
1.694851862113663058e+21
1.692249033380726571e+21
1.689650509881391710e+21
1.687055826744307614e+21
1.684465525601765163e+21
1.681879363294602461e+21
1.679297810755540222e+21
1.676720672868364190e+21
1.674147686084099178e+21
1.671578896582885507e+21
1.669013959002156958e+21
1.666453043776988643e+21
1.663896418163986792e+21
1.661344006221783106e+21
1.658795979405714784e+21
1.656252261261049070e+21
1.653712777298252661e+21
1.651177570526628413e+21
1.648646640946176852e+21
1.646119886669192102e+21
1.643597285976055218e+21
1.641078798533657362e+21
1.638564400188535865e+21
1.636054116979250299e+21
1.633547948905800663e+21
1.631045910845302243e+21
1.628548029971258147e+21
1.626054208926790713e+21
1.623564476853542453e+21
1.621078951257291096e+21
1.618597561203654656e+21
1.616120306692633395e+21
1.613646825115059487e+21
1.611177459817197339e+21
1.608712008945121886e+21
1.606250762811859534e+21
1.603793778175531024e+21
1.601340919079108608e+21
1.598892048919868998e+21
1.596447230194452267e+21
1.594006291493547934e+21
1.591569303336218788e+21
1.589136180005361943e+21
1.586706931475934085e+21
1.584281579795888734e+21
1.581860168926821876e+21
1.579442944856092312e+21
1.577029697702770508e+21
1.574620550964481622e+21
1.572215320650555851e+21
1.569814010409560048e+21
1.567416579635859423e+21
1.565023113073414898e+21
1.562633714771664306e+21
1.560248314193691804e+21
1.557866882000576840e+21
1.555489024486870614e+21
1.553115119102966628e+21
1.550745003244746965e+21
1.548379024787466093e+21
1.546017058575544222e+21
1.543658957842692440e+21
1.541304721075874300e+21
1.538954312119493591e+21
1.536607651000265998e+21
1.534264771648098927e+21
1.531925594888503034e+21
1.529590169960322171e+21
1.527258496863556338e+21
1.524930679792775201e+21
1.522606788627591070e+21
1.520286754898906710e+21
1.517970622266985415e+21
1.515658210026104029e+21
1.513349588291375858e+21
1.511044666320384164e+21
1.508743522067738001e+21
1.506446323974876692e+21
1.504152974555887698e+21
1.501863462251979866e+21
1.499577307558465503e+21
1.497294948227432579e+21
1.495016221079937745e+21
1.492741470067425018e+21
1.490470576397301318e+21
1.488203327507289080e+21
1.485939799370664509e+21
1.483679686568347959e+21
1.481423006787379397e+21
1.479170193903211512e+21
1.476921399109629247e+21
1.474676379135891472e+21
1.472435004762435092e+21
1.470197292618759012e+21
1.467963102740798767e+21
1.465732495626534388e+21
1.463505440322436202e+21
1.461281943614995562e+21
1.459062001442356199e+21
1.456845652133336056e+21
1.454633051655421297e+21
1.452424041794888794e+21
1.450218533109764456e+21
1.448016905904095232e+21
1.445818907458135130e+21
1.443624016594611470e+21
1.441432767298014544e+21
1.439245238598027444e+21
1.437061503311013478e+21
1.434881524303062630e+21
1.432704937283895427e+21
1.430531942600834286e+21
1.428362383303095878e+21
1.426196182454236611e+21
1.424033528909402997e+21
1.421874432045799178e+21
1.419719007213885850e+21
1.417567214595769893e+21
1.415419037899199611e+21
1.413274132197749031e+21
1.411132685712441999e+21
1.408994591198913495e+21
1.406860143819271438e+21
1.404729295390727733e+21
1.402601941368651383e+21
1.400478015170193129e+21
1.398357539549034054e+21
1.396240406916897964e+21
1.394126666113565327e+21
1.392016283004763111e+21
1.389909271038022648e+21
1.387805634003339313e+21
1.385705385655944086e+21
1.383608661775629943e+21
1.381515351934003053e+21
1.379425358258621907e+21
1.377338732301307609e+21
1.375255469892115366e+21
1.373175594667916394e+21
1.371099477576250294e+21
1.369026899599925707e+21
1.366957610352680370e+21
1.364891490029007012e+21
1.362828446811703476e+21
1.360768936093126492e+21
1.358712701482876535e+21
1.356659983389760422e+21
1.354610326208315916e+21
1.352564154631475954e+21
1.350521392196516577e+21
1.348482091708249539e+21
1.346445840216483955e+21
1.344412771356349039e+21
1.342383081750332441e+21
1.340356752541129638e+21
1.338333906355527352e+21
1.336314364705775550e+21
1.334297997424781951e+21
1.332284814187349934e+21
1.330274907113242755e+21
1.328268398085110759e+21
1.326265207706658275e+21
1.324265159727156298e+21
1.322268159826973950e+21
1.320274337113199608e+21
1.318283869695433507e+21
1.316296760550002262e+21
1.314312905715649348e+21
1.312332239131108966e+21
1.310354737197267550e+21
1.308380154595487515e+21
1.306408842681752748e+21
1.304440647749579047e+21
1.302475888683139465e+21
1.300514453668147757e+21
1.298556136458391126e+21
1.296601013177197265e+21
1.294648969553036706e+21
1.292700014268977775e+21
1.290754158443643535e+21
1.288811401721653756e+21
1.286871745448331182e+21
1.284935206445840597e+21
1.283001856163283468e+21
1.281071636819545686e+21
1.279144490201355649e+21
1.277220495894672310e+21
1.275299659840863863e+21
1.273381959162268484e+21
1.271467400707303014e+21
1.269555914626187919e+21
1.267647466828967182e+21
1.265742122701308822e+21
1.263839765831225180e+21
1.261940460269381091e+21
1.260044431210062807e+21
1.258151584646758924e+21
1.256261808915274269e+21
1.254375086164349551e+21
1.252491399405219348e+21
1.250610658034765267e+21
1.248732904454926107e+21
1.246857933233402937e+21
1.244985828533058929e+21
1.243116787825309123e+21
1.241250932886168142e+21
1.239388124805186716e+21
1.237528324111166079e+21
1.235671335907488432e+21
1.233817680973216350e+21
1.231967055323391328e+21
1.230119277335288218e+21
1.228274352439972069e+21
1.226432448227176088e+21
1.224593536030991974e+21
1.222757720087019127e+21
1.220924943642438402e+21
1.219095206697250062e+21
1.217268198834438668e+21
1.215444134676051788e+21
1.213622908982409560e+21
1.211804775780181606e+21
1.209989653075087327e+21
1.208177387206911459e+21
1.206367765499995750e+21
1.204560916884221067e+21
1.202757267025452073e+21
1.200956573594596147e+21
1.199158771099117552e+21
1.197363728516198433e+21
1.195571526806501327e+21
1.193782239862328918e+21
1.191995834754715353e+21
1.190212565646382203e+21
1.188432082078601576e+21
1.186654558998229942e+21
1.184879881712174105e+21
1.183107807001013387e+21
1.181338778505881846e+21
1.179572705123988275e+21
1.177809358640199631e+21
1.176048723310831600e+21
1.174290835693238616e+21
1.172535822664307442e+21
1.170783659257920487e+21
1.169034356433950867e+21
1.167287829685389361e+21
1.165544073650300518e+21
1.163803100175532687e+21
1.162064871706052526e+21
1.160329497259841421e+21
1.158596954590141612e+21
1.156867234381722419e+21
1.155140303738479051e+21
1.153416068204798804e+21
1.151694594137267765e+21
1.149975839015966605e+21
1.148259884138135159e+21
1.146546776320710148e+21
1.144836467496331903e+21
1.143128957665000423e+21
1.141423934292945011e+21
1.139721663326622188e+21
1.138022034788169155e+21
1.136325303233247707e+21
1.134631282579774112e+21
1.132939725164678349e+21
1.131250878345132900e+21
1.129564805807882895e+21
1.127881620930136244e+21
1.126201252729061769e+21
1.124523619789776355e+21
1.122848722976331137e+21
1.121176493348487037e+21
1.119506870171222016e+21
1.117839827250518557e+21
1.116175215270929891e+21
1.114513208345142362e+21
1.112853868488833368e+21
1.111197104951013933e+21
1.109542950939711373e+21
1.107891478708301464e+21
1.106242739750475137e+21
1.104596789591532634e+21
1.102953723415017554e+21
1.101313392853741208e+21
1.099675432352595313e+21
1.098040219726363623e+21
1.096407328754559353e+21
1.094777275594035954e+21
1.093149538990080131e+21
1.091524685332063584e+21
1.089902191370251796e+21
1.088282450885267816e+21
1.086665487961987613e+21
1.085050950373074010e+21
1.083438878469493359e+21
1.081829258749050618e+21
1.080222149094224560e+21
1.078617896429678494e+21
1.077015996726142042e+21
1.075416866191022096e+21
1.073820165946815939e+21
1.072226063927473734e+21
1.070634475750078546e+21
1.069045259170119287e+21
1.067458643972815847e+21
1.065874619741908894e+21
1.064293259164643754e+21
1.062714470534455362e+21
1.061138127200492847e+21
1.059564255647548310e+21
1.057992834043451277e+21
1.056423990305981596e+21
1.054857641140404617e+21
1.053293827188933657e+21
1.051732521569348092e+21
1.050173720578337407e+21
1.048617427815146324e+21
1.047063631058578571e+21
1.045512033880084972e+21
1.043962758598765445e+21
1.042416009388430983e+21
1.040871777755976958e+21
1.039330313669220893e+21
1.037791436340874576e+21
1.036254774549261058e+21
1.034720438832316940e+21
1.033188521820677734e+21
1.031659227806496326e+21
1.030132471529006563e+21
1.028608129370638385e+21
1.027086147263237325e+21
1.025566436615777419e+21
1.024049053890854388e+21
1.022534009384077492e+21
1.021021567945330393e+21
1.019511522101760229e+21
1.018003968800765116e+21
1.016498818417603641e+21
1.014996097453925597e+21
1.013495704822741598e+21
1.011997534345642508e+21
1.010501880474424574e+21
1.009008466519467491e+21
1.007517623119573025e+21
1.006029208409160155e+21
1.004543081603602448e+21
1.003059237282382742e+21
1.001577618619214463e+21
1.000098396995506405e+21
9.986215528567755244e+20
9.971471200157825761e+20
9.956750279771324416e+20
9.942052448026441810e+20
9.927377682838881567e+20
9.912726038626456044e+20
9.898098474759575306e+20
9.883494705732781343e+20
9.868914600617384346e+20
9.854357522565540086e+20
9.839821392803668951e+20
9.825308837874693571e+20
9.810818359671044178e+20
9.796352592164297114e+20
9.781909186650208993e+20
9.767487876314426245e+20
9.753091607735557161e+20
9.738716351550291968e+20
9.724363789643136369e+20
9.710036530086747832e+20
9.695731037312360120e+20
9.681447361683130941e+20
9.667185460689152246e+20
9.652946537303670784e+20
9.638730415029324349e+20
9.624537149554726011e+20
9.610366102873209569e+20
9.596217244210340823e+20
9.582090690465111736e+20
9.567986051962103398e+20
9.553904036711277527e+20
9.539845042792625603e+20
9.525808402158001848e+20
9.511794351061358346e+20
9.497802620850102600e+20
9.483833303362079293e+20
9.469886398597288428e+20
9.455959394509683425e+20
9.442052530603811144e+20
9.428168294981017272e+20
9.414306779387382989e+20
9.400469493989604065e+20
9.386654173459159450e+20
9.372859524087135601e+20
9.359087453353456435e+20
9.345335294049486111e+20
9.331606743856232530e+20
9.317897508910866104e+20
9.304212701156849746e+20
9.290546536005452431e+20
9.276905283794748047e+20
9.263285380495785329e+20
9.249686063910491259e+20
9.236107227754983588e+20
9.222548745285985894e+20
9.209011681982749082e+20
9.195498053759291884e+20
9.182004189601289994e+20
9.168533467860453294e+20
9.155082423110446612e+20
9.141653856114008392e+20
9.128245326689569341e+20
9.114856931433374024e+20
9.101490396787410207e+20
9.088145506079978291e+20
9.074822801876630897e+20
9.061521147687260652e+20
9.048240125491474596e+20
9.034979403994187694e+20
9.021739218616634573e+20
9.008520695402831544e+20
8.995322871562424812e+20
8.982146160939255726e+20
8.968990339432782234e+20
8.955855400799809044e+20
8.942741366356309443e+20
8.929647752896539525e+20
8.916572451009133281e+20
8.903516756741690491e+20
8.890482071595442504e+20
8.877468198616874353e+20
8.864475795199357092e+20
8.851504161920517407e+20
8.838552973385701786e+20
8.825622518837460337e+20
8.812712626844045148e+20
8.799823050724835328e+20
8.786953968786704957e+20
8.774105347435007836e+20
8.761277049631220695e+20
8.748468639115117855e+20
8.735680395322311311e+20
8.722912311538224988e+20
8.710164325918862213e+20
8.697436116369586258e+20
8.684727034643198771e+20
8.672038625026224947e+20
8.659370538758770524e+20
8.646722426199213343e+20
8.634094445360176169e+20
8.621484457570208317e+20
8.608895154121345597e+20
8.596324729384729313e+20
8.583773803489165312e+20
8.571244578190065664e+20
8.558735348839491830e+20
8.546245371366351831e+20
8.533773742275731128e+20
8.521321184243237519e+20
8.508888842628905042e+20
8.496476351824166912e+20
8.484083620198042829e+20
8.471710595536291103e+20
8.459357315564122931e+20
8.447023779801589350e+20
8.434708790063469691e+20
8.422412698864178954e+20
8.410135161445909791e+20
8.397876417508103946e+20
8.385637523107429745e+20
8.373417553812291584e+20
8.361217533449791078e+20
8.349037055541462958e+20
8.336875810440303084e+20
8.324733611245540475e+20
8.312610435546135921e+20
8.300504509513764700e+20
8.288418601384495022e+20
8.276350512864078070e+20
8.264301547566035108e+20
8.252273320267651482e+20
8.240263926183501496e+20
8.228272975758755103e+20
8.216299622512189768e+20
8.204344867084486574e+20
8.192409303309957202e+20
8.180492781989294244e+20
8.168594913696321372e+20
8.156715459255756390e+20
8.144854424120452710e+20
8.133011769728208732e+20
8.121187988844319867e+20
8.109383365848036803e+20
8.097597581119464407e+20
8.085830634658603991e+20
8.074080994105963315e+20
8.062348770085335204e+20
8.050635148618892575e+20
8.038940099916173148e+20
8.027264355661363282e+20
8.015604828248653169e+20
8.003962893279393219e+20
7.992339804021527675e+20
7.980735956049357701e+20
7.969151359993438536e+20
7.957584122575240561e+20
7.946034720782159708e+20
7.934503148106891919e+20
7.922990353100953354e+20
7.911495854077660365e+20
7.900019410214974915e+20
7.888559193430814884e+20
7.877116967420027208e+20
7.865692482408892334e+20
7.854286891740086927e+20
7.842899694932393984e+20
7.831530069323275305e+20
7.820178299759837839e+20
7.808843128884907213e+20
7.797524721579049615e+20
7.786224078409123758e+20
7.774941845310195630e+20
7.763677676468096205e+20
7.752429391244524257e+20
7.741198377848375869e+20
7.729985413602436710e+20
7.718791018559487345e+20
7.707614900817989468e+20
7.696455558594114355e+20
7.685313377803765023e+20
7.674188306088148337e+20
7.663081395471101460e+20
7.651992126582280684e+20
7.640920431610074235e+20
7.629864126474265559e+20
7.618825228062073815e+20
7.607803165691741471e+20
7.596799407491334799e+20
7.585813397640556052e+20
7.574844297319907328e+20
7.563892332222578688e+20
7.552957142077957734e+20
7.542038551491719987e+20
7.531136640073898394e+20
7.520251289589030584e+20
7.509382593092882268e+20
7.498530550585452134e+20
7.487695625382224200e+20
7.476878117171015188e+20
7.466076847396196188e+20
7.455292115844604887e+20
7.444524017997223035e+20
7.433772496918427730e+20
7.423038718808686592e+20
7.412323554670569062e+20
7.401624579557864243e+20
7.390941698946971730e+20
7.380274003849226486e+20
7.369622393486258995e+20
7.358986987599508275e+20
7.348368167061765489e+20
7.337767444460689162e+20
7.327184917104757309e+20
7.316619121168519004e+20
7.306067937765121065e+20
7.295532317345946010e+20
7.285012385920762511e+20
7.274508810650429686e+20
7.264021783801055150e+20
7.253552317989511496e+20
7.243100056886656369e+20
7.232662908821376860e+20
7.222242478157673267e+20
7.211837006639674163e+20
7.201449065032966472e+20
7.191077375813890867e+20
7.180720123090588140e+20
7.170378413707696538e+20
7.160053867077005476e+20
7.149745978198986588e+20
7.139453607031964959e+20
7.129176804878771814e+20
7.118915109573461279e+20
7.108669519561510093e+20
7.098440007477390213e+20
7.088226755776037519e+20
7.078029424313718538e+20
7.067847525160411464e+20
7.057681384576952566e+20
7.047530741651680788e+20
7.037396162380183634e+20
7.027277913374951997e+20
7.017175702397859922e+20
7.007089507114169139e+20
6.997016897613501563e+20
6.986960447302497731e+20
6.976918659345017733e+20
6.966893408385216020e+20
6.956883763504224666e+20
6.946888746529106166e+20
6.936910657371642266e+20
6.926947041494509814e+20
6.916998672838619300e+20
6.907067099297160888e+20
6.897149001404600812e+20
6.887247341772786893e+20
6.877362038583701012e+20
6.867491264186848379e+20
6.857634958593219625e+20
6.847793809273951355e+20
6.837967940932673208e+20
6.828157587130997801e+20
6.818362578900149862e+20
6.808582224674380841e+20
6.798817109755008123e+20
6.789066757079553802e+20
6.779331193056957563e+20
6.769611269626020495e+20
6.759907171621021942e+20
6.750218252221829612e+20
6.740544173926737510e+20
6.730884525760764969e+20
6.721238313513767404e+20
6.711606302609910006e+20
6.701989361776588227e+20
6.692387202901253816e+20
6.682800579690296771e+20
6.673229192269518602e+20
6.663673114295437885e+20
6.654132306715618836e+20
6.644606769530060145e+20
6.635095275594292920e+20
6.625597610166583296e+20
6.616115850075542651e+20
6.606649470370162934e+20
6.597197080510827069e+20
6.587758812089011405e+20
6.578333711088466002e+20
6.568922591746531000e+20
6.559526087233138852e+20
6.550144849627632108e+20
6.540779346338883830e+20
6.531428212172602737e+20
6.522091421696812646e+20
6.512767593736555725e+20
6.503457348901955174e+20
6.494161707972041114e+20
6.484880748769328497e+20
6.475615433820703293e+20
6.466364766227901972e+20
6.457128151821408010e+20
6.447904841374333665e+20
6.438694551542222029e+20
6.429498560630263644e+20
6.420316805534938563e+20
6.411150538198965289e+20
6.401999084185358172e+20
6.392861425530725990e+20
6.383737374765733642e+20
6.374626036923689861e+20
6.365528425946588119e+20
6.356444950332808888e+20
6.347376431209282273e+20
6.338322956808577352e+20
6.329283121817789399e+20
6.320257092250203587e+20
6.311243563547867218e+20
6.302243274300965519e+20
6.293257044266694738e+20
6.284285154914572698e+20
6.275328286596464640e+20
6.266385342698276782e+20
6.257456020809077228e+20
6.248539286390356050e+20
6.239635276935734231e+20
6.230745184816248914e+20
6.221868911045754225e+20
6.213007554309290721e+20
6.204160323730419220e+20
6.195326436427680973e+20
6.186505473137710203e+20
6.177696853984648888e+20
6.168901663033823068e+20
6.160120039076495360e+20
6.151353072959054152e+20
6.142600394366356029e+20
6.133860856300358861e+20
6.125134483364929864e+20
6.116420208490192568e+20
6.107718861449114419e+20
6.099031040303634842e+20
6.090357247039530598e+20
6.081697866154226483e+20
6.073051714331846902e+20
6.064418768157527245e+20
6.055797759851764122e+20
6.047189254195384156e+20
6.038594169250657075e+20
6.030012572713312584e+20
6.021445325658967245e+20
6.012891535818711368e+20
6.004350670692766188e+20
5.995822063387873116e+20
5.987305460778037412e+20
5.978802003903798313e+20
5.970311636944241295e+20
5.961835482598429164e+20
5.953372936445098721e+20
5.944923085936054764e+20
5.936485764359128351e+20
5.928060171023570698e+20
5.919647211944733573e+20
5.911247252304737075e+20
5.902861026025335685e+20
5.894488612355763732e+20
5.886128753106309612e+20
5.877781596799379702e+20
5.869445975450016154e+20
5.861122549587518423e+20
5.852812051793147331e+20
5.844514733308202844e+20
5.836231202270471782e+20
5.827960477566006723e+20
5.819702288124059320e+20
5.811455708262340362e+20
5.803220860442071532e+20
5.794998810212950999e+20
5.786789468998668124e+20
5.778593818451358515e+20
5.770411151455023923e+20
5.762240766939320812e+20
5.754082290016412631e+20
5.745935201382551388e+20
5.737800469636106813e+20
5.729678219017070838e+20
5.721569423474817761e+20
5.713473752580817551e+20
5.705390179496559903e+20
5.697318726515644826e+20
5.689258438555356365e+20
5.681210057154438758e+20
5.673174116542995497e+20
5.665151064732301394e+20
5.657141245375997542e+20
5.649143600084550287e+20
5.641158107722500014e+20
5.633183634005629338e+20
5.625220683793614111e+20
5.617270076817550213e+20
5.609331873346355200e+20
5.601406842376058307e+20
5.593494186333662740e+20
5.585593428498549965e+20
5.577703972670650450e+20
5.569825592071144079e+20
5.561959305430882714e+20
5.554105063101369549e+20
5.546263867291973714e+20
5.538435178152477327e+20
5.530618179111168901e+20
5.522812721362482627e+20
5.515018088512630948e+20
5.507235089630575329e+20
5.499464050837104886e+20
5.491705626853688607e+20
5.483959888736238961e+20
5.476225711461104353e+20
5.468503227725166019e+20
5.460791392999460700e+20
5.453090797281169900e+20
5.445402094358166241e+20
5.437725508214836429e+20
5.430061581736115569e+20
5.422409438173448765e+20
5.414768834822566052e+20
5.407138944399392113e+20
5.399519875837777674e+20
5.391912580061701079e+20
5.384316977928254259e+20
5.376733945359705702e+20
5.369162850904218010e+20
5.361603067463895613e+20
5.354054260223644795e+20
5.346515964662523494e+20
5.338989045078490481e+20
5.331473612533228503e+20
5.323970535438742323e+20
5.316479519335286047e+20
5.308999646005647770e+20
5.301530935627748475e+20
5.294072534334730404e+20
5.286625103978297426e+20
5.279189121118034985e+20
5.271764985059648471e+20
5.264353002537879470e+20
5.256952228011541135e+20
5.249562642425874350e+20
5.242183232100140319e+20
5.234814447786377871e+20
5.227457020417239286e+20
5.220111003581837476e+20
5.212777083118883308e+20
5.205454546964715274e+20
5.198142968817807524e+20
5.190841816291125494e+20
5.183550886443831788e+20
5.176271087602043453e+20
5.169002318441175450e+20
5.161744625085149348e+20
5.154497963722123510e+20
5.147262621913880986e+20
5.140039379082975642e+20
5.132827207172172022e+20
5.125625749504022938e+20
5.118434208125985096e+20
5.111253185086630134e+20
5.104083510025665905e+20
5.096924852185685688e+20
5.089777604431807775e+20
5.082640087548632760e+20
5.075513887715504947e+20
5.068399462827320934e+20
5.061295134129019945e+20
5.054201243192055562e+20
5.047117678566258770e+20
5.040044436943441101e+20
5.032981926694044303e+20
5.025930085868887736e+20
5.018888936069134418e+20
5.011858593294098760e+20
5.004839062703303557e+20
4.997830298304576881e+20
4.990832300097920041e+20
4.983845008181455749e+20
4.976867433883126989e+20
4.969900246028232294e+20
4.962944726306675098e+20
4.955999951946488873e+20
4.949065333426259886e+20
4.942140571750791905e+20
4.935225475582317691e+20
4.928320897941312635e+20
4.921426734770120294e+20
4.914543049692558787e+20
4.907669793695156142e+20
4.900807338488015094e+20
4.893956446743705682e+20
4.887115850734528102e+20
4.880285301633130824e+20
4.873464163796786872e+20
4.866652895497401795e+20
4.859851622134444851e+20
4.853060368609411072e+20
4.846279515697031414e+20
4.839509124224595395e+20
4.832749361440725402e+20
4.826001236710714900e+20
4.819262861131857265e+20
4.812535148520933949e+20
4.805817722393969295e+20
4.799110622563830989e+20
4.792412999382171648e+20
4.785725053963363287e+20
4.779046250813175890e+20
4.772376841506987704e+20
4.765718029950435983e+20
4.759069324975160033e+20
4.752431044526762230e+20
4.745802918982291292e+20
4.739184984997735301e+20
4.732577253923678454e+20
4.725978122499742106e+20
4.719388555321554371e+20
4.712809288610602680e+20
4.706240642932705853e+20
4.699681357776026337e+20
4.693131634636403507e+20
4.686591919193853133e+20
4.680063090553250775e+20
4.673544683856593551e+20
4.667035384195550413e+20
4.660535497101764854e+20
4.654045181619569951e+20
4.647565138144140329e+20
4.641095077553857495e+20
4.634634568727264625e+20
4.628183761311907185e+20
4.621742023071287214e+20
4.615309635893599273e+20
4.608886871012018749e+20
4.602473629761942323e+20
4.596070878142779228e+20
4.589677235596025528e+20
4.583292970329096192e+20
4.576919430840142397e+20
4.570555304191394447e+20
4.564200417437933240e+20
4.557854526299468595e+20
4.551518320734675272e+20
4.545191681710684242e+20
4.538874732502157885e+20
4.532567240487993344e+20
4.526269017479581532e+20
4.519980252869917409e+20
4.513700715242101146e+20
4.507430632905472082e+20
4.501170371058108334e+20
4.494919432857025249e+20
4.488678092187718779e+20
4.482445921160437432e+20
4.476222975007123702e+20
4.470009157509294326e+20
4.463804603265797325e+20
4.457609841841137254e+20
4.451424566197731983e+20
4.445248776335580201e+20
4.439081609545422602e+20
4.432923339675846574e+20
4.426774039367387709e+20
4.420633799189041644e+20
4.414502815442091377e+20
4.408381347810487828e+20
4.402269494252908052e+20
4.396166827018367140e+20
4.390073532377817416e+20
4.383989364080500408e+20
4.377914412430960886e+20
4.371848111739149353e+20
4.365790172155052032e+20
4.359742074397234299e+20
4.353702130512607969e+20
4.347671922473593078e+20
4.341650576248208753e+20
4.335637988671137382e+20
4.329635040677405000e+20
4.323640258442812457e+20
4.317655267520910459e+20
4.311678741480315290e+20
4.305711171396329144e+20
4.299752906618971095e+20
4.293802884089642353e+20
4.287862568610176041e+20
4.281930394300164342e+20
4.276007414272386007e+20
4.270093402662818284e+20
4.264187760730012385e+20
4.258291618424421089e+20
4.252403530988757975e+20
4.246524785185364378e+20
4.240654657144677990e+20
4.234793055449446482e+20
4.228940813758787748e+20
4.223097239232561152e+20
4.217262443372990956e+20
4.211436341978223084e+20
4.205618993466218250e+20
4.199809739185734943e+20
4.194008546348855460e+20
4.188217017149670687e+20
4.182433111942930104e+20
4.176658246995278561e+20
4.170892591308529992e+20
4.165134309309371515e+20
4.159385060335562916e+20
4.153644770099803587e+20
4.147913346593833615e+20
4.142190358760378860e+20
4.136475782797580042e+20
4.130769505468661105e+20
4.125071652963925361e+20
4.119382894564235018e+20
4.113702925115601060e+20
4.108031273395239649e+20
4.102367433091896443e+20
4.096711856339689800e+20
4.091065095756940575e+20
4.085427000053820948e+20
4.079797413616541368e+20
4.074176149212392980e+20
4.068563314923358781e+20
4.062957803003162788e+20
4.057360889314913157e+20
4.051772087156059013e+20
4.046192031061495644e+20
4.040620782099079496e+20
4.035057525387296768e+20
4.029502326051295724e+20
4.023954969525058273e+20
4.018416005247986565e+20
4.012885345624041062e+20
4.007363155236265001e+20
4.001849281585183457e+20
3.996343326564793713e+20
3.990845638325284372e+20
3.985355916343833395e+20
3.979874380137893724e+20
3.974401334235210056e+20
3.968936403210805576e+20
3.963479753176890737e+20
3.958031019145126871e+20
3.952590346607311585e+20
3.947157563719115735e+20
3.941732770733882737e+20
3.936316340685340672e+20
3.930907875151148483e+20
3.925507628391065190e+20
3.920115471807118705e+20
3.914730969327302083e+20
3.909354541652004045e+20
3.903985861962574070e+20
3.898625120596848804e+20
3.893272673365893448e+20
3.887928132138223534e+20
3.882591681242247987e+20
3.877263013022679040e+20
3.871942150129087283e+20
3.866629038366577132e+20
3.861323706614928507e+20
3.856026487280566927e+20
3.850737103867053998e+20
3.845455733099578655e+20
3.840182284336723395e+20
3.834916307943536722e+20
3.829658218869943173e+20
3.824407694468905042e+20
3.819164898310461194e+20
3.813930213439391007e+20
3.808703233548035031e+20
3.803484161383101891e+20
3.798272737554627953e+20
3.793068872240731259e+20
3.787872629891554345e+20
3.782683958143460311e+20
3.777503150133367931e+20
3.772330074511300362e+20
3.767164778112347668e+20
3.762007230740530463e+20
3.756857019058989957e+20
3.751714490895260713e+20
3.746579348848900833e+20
3.741451733237177385e+20
3.736332045718270116e+20
3.731219872137624289e+20
3.726115426990826455e+20
3.721018492625475338e+20
3.715928888545437286e+20
3.710846772687410954e+20
3.705772027473324278e+20
3.700704910264834458e+20
3.695645417236622868e+20
3.690593470808223252e+20
3.685549109148072673e+20
3.680511961964229427e+20
3.675482272930360197e+20
3.670459809572133929e+20
3.665444681625261834e+20
3.660437292168568504e+20
3.655437238207321211e+20
3.650444736552849244e+20
3.645459605852652175e+20
3.640481593929994732e+20
3.635510930076691333e+20
3.630547445609263268e+20
3.625591365398782935e+20
3.620642790395765064e+20
3.615701544628855112e+20
3.610767720666240123e+20
3.605840992138864230e+20
3.600921491888834478e+20
3.596009079903286723e+20
3.591103822650834289e+20
3.586206089958062162e+20
3.581315535536679813e+20
3.576432360303749366e+20
3.571556414531973284e+20
3.566687391380027474e+20
3.561825571609342116e+20
3.556970748033467679e+20
3.552123116157764895e+20
3.547282861385553674e+20
3.542449732289479967e+20
3.537623863662558577e+20
3.532804969934062879e+20
3.527993078233631949e+20
3.523188155069188014e+20
3.518390201757473178e+20
3.513599556093275668e+20
3.508815954693073797e+20
3.504039553573196923e+20
3.499270239168034898e+20
3.494507665483559076e+20
3.489752146655085199e+20
3.485003448351402885e+20
3.480261739699086295e+20
3.475527272231940260e+20
3.470799739529822863e+20
3.466079307813464310e+20
3.461365729215071519e+20
3.456658939646033920e+20
3.451958996296145306e+20
3.447265843890995855e+20
3.442579780676717117e+20
3.437900647157543076e+20
3.433228530940117647e+20
3.428563357740283331e+20
3.423904756698261094e+20
3.419253058734144881e+20
3.414608012667550433e+20
3.409969764102638141e+20
3.405338614076070298e+20
3.400714219606799155e+20
3.396096768639833866e+20
3.391486047939236332e+20
3.386881916002568110e+20
3.382284505549834813e+20
3.377693713020374876e+20
3.373109800724056637e+20
3.368532714314487562e+20
3.363962441118236672e+20
3.359398971725105725e+20
3.354841936338885673e+20
3.350291640558836777e+20
3.345747834669361398e+20
3.341210643479790879e+20
3.336680402361740820e+20
3.332156748502853222e+20
3.327639882759480279e+20
3.323129623492506419e+20
3.318625765001086239e+20
3.314128500964174070e+20
3.309637687626129736e+20
3.305153554693176033e+20
3.300676140310815703e+20
3.296205342545187963e+20
3.291741203981833339e+20
3.287283388486118277e+20
3.282832129765415977e+20
3.278387211399670006e+20
3.273948733776997908e+20
3.269517052705679606e+20
3.265091800825312707e+20
3.260673183830862070e+20
3.256261048698419937e+20
3.251855138200651039e+20
3.247455692942807532e+20
3.243062536856485888e+20
3.238675870154311598e+20
3.234295809559691264e+20
3.229922179650607514e+20
3.225555066305693614e+20
3.221194175696871096e+20
3.216839641656162386e+20
3.212491319698035180e+20
3.208149283909309563e+20
3.203813857431844946e+20
3.199484726374144410e+20
3.195162079164682732e+20
3.190845788483897262e+20
3.186535557725004759e+20
3.182231660915674972e+20
3.177933897334852157e+20
3.173642440626776310e+20
3.169357472662074163e+20
3.165078759780912988e+20
3.160806422741705687e+20
3.156540206305292452e+20
3.152280143215285371e+20
3.148026193291801395e+20
3.143778364963129262e+20
3.139536952889929236e+20
3.135301727357219635e+20
3.131072826982052659e+20
3.126850157185014825e+20
3.122633393608991703e+20
3.118422830732904366e+20
3.114218250601573253e+20
3.110019803056338371e+20
3.105827722177587446e+20
3.101641730760113521e+20
3.097461976343649321e+20
3.093288238783230771e+20
3.089120464344526356e+20
3.084958700518013010e+20
3.080802899865813647e+20
3.076653322858859725e+20
3.072509838092864717e+20
3.068372514299228324e+20
3.064241296475332936e+20
3.060115841768368374e+20
3.055996452678273597e+20
3.051882901172674888e+20
3.047775315912794440e+20
3.043673970761071985e+20
3.039578559067338179e+20
3.035489247390184243e+20
3.031405847383472865e+20
3.027328232650283418e+20
3.023256522657696317e+20
3.019190623307938529e+20
3.015130763759368274e+20
3.011076910108431483e+20
3.007029035420157215e+20
3.002987142330050150e+20
2.998950902574517453e+20
2.994920580084805140e+20
2.990895955198529372e+20
2.986877137888707871e+20
2.982864429897956065e+20
2.978857508612679270e+20
2.974856552198740378e+20
2.970861400994058732e+20
2.966871869003845468e+20
2.962888132864638976e+20
2.958910060479214387e+20
2.954937852461908623e+20
2.950971558148877189e+20
2.947011071018763878e+20
2.943056439457790362e+20
2.939107368517802394e+20
2.935164048535303946e+20
2.931226299705524552e+20
2.927294208208134144e+20
2.923368089221274993e+20
2.919447620093721641e+20
2.915532982519389880e+20
2.911624042570854892e+20
2.907720567010304000e+20
2.903822775671191634e+20
2.899930506609515233e+20
2.896043934551324099e+20
2.892163178586619249e+20
2.888288067793727324e+20
2.884418688097835418e+20
2.880554781787877212e+20
2.876696449808996762e+20
2.872843582404289495e+20
2.868996235316778762e+20
2.865154696393707356e+20
2.861318690915907994e+20
2.857488385491734364e+20
2.853663669131834491e+20
2.849844273038195425e+20
2.846030447054312571e+20
2.842222007069587538e+20
2.838419104463695708e+20
2.834621915323541750e+20
2.830830218679118725e+20
2.827044130223125627e+20
2.823263426320413491e+20
2.819488120193974927e+20
2.815718192048343941e+20
2.811953640943665152e+20
2.808194727464526807e+20
2.804441255660393923e+20
2.800693344148408238e+20
2.796950912296873492e+20
2.793213666793615196e+20
2.789481875045474304e+20
2.785755338015029002e+20
2.782034186164773847e+20
2.778318640507023852e+20
2.774608443594740531e+20
2.770903733528520950e+20
2.767204317725122888e+20
2.763510134380840878e+20
2.759821239327517573e+20
2.756137583250886820e+20
2.752459396014557102e+20
2.748786570270237327e+20
2.745119158449403986e+20
2.741457119357355622e+20
2.737800142423214326e+20
2.734148500868669112e+20
2.730501987557727273e+20
2.726860714354578883e+20
2.723224935770953155e+20
2.719594370720607437e+20
2.715969172739824353e+20
2.712349177407925125e+20
2.708734259987080151e+20
2.705124538280857108e+20
2.701519922525884908e+20
2.697920614524093071e+20
2.694326593454542356e+20
2.690737826831901655e+20
2.687154322354567905e+20
2.683575790130871337e+20
2.680002460591283241e+20
2.676434137449471345e+20
2.672870916183063265e+20
2.669313073986617999e+20
2.665760318280482161e+20
2.662212811430791414e+20
2.658670414421520876e+20
2.655132951089616650e+20
2.651600588214236283e+20
2.648073203133091348e+20
2.644550972124668559e+20
2.641033948158665687e+20
2.637522028260900864e+20
2.634015260840255160e+20
2.630513388580339712e+20
2.627016567272984740e+20
2.623524645262859305e+20
2.620037697477036278e+20
2.616556001508768154e+20
2.613079276819793838e+20
2.609607684333508035e+20
2.606141107808347750e+20
2.602679330600363295e+20
2.599222556108221645e+20
2.595770635954645565e+20
2.592323723317461647e+20
2.588881932838553190e+20
2.585445104766207918e+20
2.582013320757028454e+20
2.578586356380635628e+20
2.575164284877268255e+20
2.571747027055222784e+20
2.568334620277810135e+20
2.564927320902694339e+20
2.561524891963752776e+20
2.558127480128001147e+20
2.554734989421818348e+20
2.551347173119096259e+20
2.547964259502238269e+20
2.544586081306307461e+20
2.541212770920666563e+20
2.537844493139876905e+20
2.534481044451973202e+20
2.531122532674800189e+20
2.527768763438145536e+20
2.524419732879925576e+20
2.521075440501641052e+20
2.517735874118610125e+20
2.514401262158436762e+20
2.511071447641935380e+20
2.507746524697391923e+20
2.504426427212182323e+20
2.501110888249983631e+20
2.497800149841455677e+20
2.494494032315046625e+20
2.491192649477636751e+20
2.487896205336214569e+20
2.484604464965232558e+20
2.481317555620477338e+20
2.478035310293165015e+20
2.474757659515454751e+20
2.471484668483645276e+20
2.468216282992168796e+20
2.464952704196975985e+20
2.461693855453654876e+20
2.458439764835270656e+20
2.455190406434388378e+20
2.451945504368529572e+20
2.448705296273200906e+20
2.445469598745203180e+20
2.442238509112734515e+20
2.439012260214157804e+20
2.435790597410458829e+20
2.432573661021807575e+20
2.429361308824305992e+20
2.426153416677923553e+20
2.422950103120586342e+20
2.419751279080133427e+20
2.416557120826615398e+20
2.413367627088768205e+20
2.410182752392411873e+20
2.407002513038363853e+20
2.403826652842481418e+20
2.400655369880109384e+20
2.397488491260449915e+20
2.394326099822063452e+20
2.391168447392571392e+20
2.388015270697359442e+20
2.384866717083643740e+20
2.381722666653437788e+20
2.378582950987619041e+20
2.375447730231019110e+20
2.372316887242522296e+20
2.369190575685519278e+20
2.366068858264130683e+20
2.362951628850295603e+20
2.359838938942033756e+20
2.356730564180607304e+20
2.353626628337628611e+20
2.350527006109251994e+20
2.347431762110820516e+20
2.344341140063737283e+20
2.341254896309695611e+20
2.338173173584420536e+20
2.335095871970038252e+20
2.332022788642509947e+20
2.328954114211912090e+20
2.325889709924266476e+20
2.322829709013025096e+20
2.319774227317580759e+20
2.316723110309303419e+20
2.313676438015786025e+20
2.310634015234828861e+20
2.307595890207428444e+20
2.304562010221717422e+20
2.301532397690952417e+20
2.298507278633134653e+20
2.295486453483129405e+20
2.292470047080879555e+20
2.289457978763001528e+20
2.286450020676423844e+20
2.283446383323779564e+20
2.280446912466936136e+20
2.277451722987502961e+20
2.274460973555342705e+20
2.271474472879870116e+20
2.268492323180831375e+20
2.265514355864142152e+20
2.262540551777863598e+20
2.259570926706332795e+20
2.256605459775166874e+20
2.253644350576744202e+20
2.250687474780589588e+20
2.247734906509548257e+20
2.244786592448444826e+20
2.241842288612500111e+20
2.238902215370313564e+20
2.235966208814234665e+20
2.233034367457243300e+20
2.230106883009078559e+20
2.227183538465109115e+20
2.224264452217476874e+20
2.221349479847585055e+20
2.218438545164678267e+20
2.215531720735156470e+20
2.212628949182168433e+20
2.209730405915151892e+20
2.206836039885810893e+20
2.203945859173716132e+20
2.201059850596615782e+20
2.198177770500715643e+20
2.195299823761327063e+20
2.192425847600098181e+20
2.189555926053305385e+20
2.186690274574125629e+20
2.183828660923932344e+20
2.180971213953175716e+20
2.178117811097429606e+20
2.175268328979069993e+20
2.172422885806567588e+20
2.169581394154465853e+20
2.166744007393949778e+20
2.163910740308186890e+20
2.161081537105019208e+20
2.158256421371844690e+20
2.155435170600906588e+20
2.152617943948123832e+20
2.149804598608522772e+20
2.146995202673415946e+20
2.144189986518029763e+20
2.141388712603788247e+20
2.138591514819499131e+20
2.135798290240607683e+20
2.133008877671368294e+20
2.130223430374885294e+20
2.127441837012070892e+20
2.124664230965957100e+20
2.121890682564407132e+20
2.119121083789137674e+20
2.116355488660052705e+20
2.113593702757381243e+20
2.110835819008648151e+20
2.108081739594769039e+20
2.105331516259269673e+20
2.102585363349120614e+20
2.099843071232756613e+20
2.097104765767786496e+20
2.094370361558090711e+20
2.091639668493719634e+20
2.088912864836564746e+20
2.086189821162097213e+20
2.083470652824022548e+20
2.080755475911483720e+20
2.078044141245308600e+20
2.075336727253434368e+20
2.072633065220016374e+20
2.069933179871963054e+20
2.067237043457700659e+20
2.064544663916515492e+20
2.061856238338277704e+20
2.059171607160790712e+20
2.056490869533279846e+20
2.053813960272115139e+20
2.051140668809975890e+20
2.048471188862942904e+20
2.045805378454238986e+20
2.043143336779041669e+20
2.040485216388408607e+20
2.037830837449770271e+20
2.035180297075104809e+20
2.032533449974227272e+20
2.029890262450612470e+20
2.027250765753413468e+20
2.024614930415508849e+20
2.021982930111265833e+20
2.019354671023428731e+20
2.016730208238009713e+20
2.014109500171486167e+20
2.011492323742998200e+20
2.008878879069777101e+20
2.006269016872410808e+20
2.003662821973477949e+20
2.001060474551928422e+20
1.998461774093425050e+20
1.995866830958709637e+20
1.993275521106968248e+20
1.990687761728675185e+20
1.988103632540590080e+20
1.985523072760041964e+20
1.982946234665222472e+20
1.980373091103629967e+20
1.977803631322905969e+20
1.975237853952309658e+20
1.972675544149967831e+20
1.970116877014166733e+20
1.967561708553147843e+20
1.965010110921028403e+20
1.962462283537867407e+20
1.959918014664435958e+20
1.957377422752353157e+20
1.954840402932153385e+20
1.952306832142561116e+20
1.949776828548308009e+20
1.947250305846676357e+20
1.944727396850494013e+20
1.942208131364346266e+20
1.939692443799959962e+20
1.937180364497217126e+20
1.934671700953980273e+20
1.932166577509711217e+20
1.929664878121644524e+20
1.927166658761980314e+20
1.924672127438848983e+20
1.922181072846626488e+20
1.919693615737728532e+20
1.917209668430690714e+20
1.914729076041489121e+20
1.912251985657261588e+20
1.909778290966554870e+20
1.907308107162383483e+20
1.904841511764995604e+20
1.902378394815434588e+20
1.899918812664724849e+20
1.897462597576165949e+20
1.895009812547253699e+20
1.892560391336514683e+20
1.890114367052188221e+20
1.887671929989599068e+20
1.885232901224885780e+20
1.882797391355674296e+20
1.880365327996355871e+20
1.877936532453262623e+20
1.875511171685691884e+20
1.873089124611348234e+20
1.870670490566852608e+20
1.868255385995340677e+20
1.865843666515522028e+20
1.863435409068641812e+20
1.861030468544911442e+20
1.858628848811394990e+20
1.856230544034712125e+20
1.853835549433212109e+20
1.851444036125199237e+20
1.849055880289022771e+20
1.846671158229623112e+20
1.844289818478984233e+20
1.841911666146791916e+20
1.839536879471495741e+20
1.837165327574824387e+20
1.834797095621301371e+20
1.832432330615842406e+20
1.830070863205955994e+20
1.827712785770247619e+20
1.825357973782303867e+20
1.823006380777703342e+20
1.820658051368212890e+20
1.818312948637556736e+20
1.815971223014432768e+20
1.813632810929813586e+20
1.811297741478630851e+20
1.808965991317220884e+20
1.806637356983143956e+20
1.804312016242323948e+20
1.801989834341861294e+20
1.799670883882254008e+20
1.797355334484387758e+20
1.795043000797462528e+20
1.792733985742495416e+20
1.790428183424389612e+20
1.788125505427261358e+20
1.785826037324406784e+20
1.783529715544431002e+20
1.781236671642049905e+20
1.778946899713665925e+20
1.776660372311971922e+20
1.774377098597865226e+20
1.772096889547066900e+20
1.769819893265607229e+20
1.767545982756865966e+20
1.765275219591947878e+20
1.763007788461385646e+20
1.760743496529055580e+20
1.758482452611541565e+20
1.756224567581093724e+20
1.753969719047156859e+20
1.751718024522249667e+20
1.749469398994002575e+20
1.747223956879652291e+20
1.744981741212156887e+20
1.742742677897477816e+20
1.740506803211425874e+20
1.738273951408432742e+20
1.736044215770834207e+20
1.733817503963929313e+20
1.731593863475577487e+20
1.729373475385573048e+20
1.727156158961545708e+20
1.724942020667987067e+20
1.722730986365336945e+20
1.720522907277109821e+20
1.718317924276610662e+20
1.716115935869347758e+20
1.713917040995279831e+20
1.711721323313299456e+20
1.709528671496024556e+20
1.707339143804418785e+20
1.705152596270759281e+20
1.702969065342259364e+20
1.700788512611113370e+20
1.698610954729137439e+20
1.696436559558066504e+20
1.694265178233714442e+20
1.692096905140290191e+20
1.689931680183845192e+20
1.687769335417287475e+20
1.685610026923336335e+20
1.683453641438632346e+20
1.681300264012503777e+20
1.679150011021609206e+20
1.677002742854838518e+20
1.674858534878618255e+20
1.672717262986647306e+20
1.670578912719334932e+20
1.668443497311635374e+20
1.666311000883845202e+20
1.664181571356011725e+20
1.662055116573946675e+20
1.659931692723166249e+20
1.657811260282452378e+20
1.655693638990158234e+20
1.653578992397866435e+20
1.651467199950379090e+20
1.649358334322127995e+20
1.647252537086582129e+20
1.645149648852449362e+20
1.643049757452526551e+20
1.640952756810262118e+20
1.638858589472315802e+20
1.636767311354831831e+20
1.634678879218297733e+20
1.632593422747735163e+20
1.630510905016324260e+20
1.628431332353905132e+20
1.626354695241566454e+20
1.624280814549344256e+20
1.622209841060394435e+20
1.620141655474808750e+20
1.618076319539510968e+20
1.616013992876336742e+20
1.613954504388354703e+20
1.611897949967100150e+20
1.609844239815752090e+20
1.607793281024987300e+20
1.605745163659999642e+20
1.603699822046452449e+20
1.601657369267410043e+20
1.599617817928433009e+20
1.597581126229788590e+20
1.595547312453558927e+20
1.593516213721289523e+20
1.591487944760764006e+20
1.589462402984485847e+20
1.587439637600770458e+20
1.585419819489682391e+20
1.583402773510674514e+20
1.581388599429026284e+20
1.579377222056297103e+20
1.577368520203606098e+20
1.575362609966477804e+20
1.573359407923222610e+20
1.571359012117043282e+20
1.569361476840284488e+20
1.567366721059986145e+20
1.565374786010391839e+20
1.563385529708996526e+20
1.561399016444138619e+20
1.559415179667725025e+20
1.557434054355258900e+20
1.555455799100074885e+20
1.553480260775259013e+20
1.551507532785019453e+20
1.549537552953722470e+20
1.547570178641504502e+20
1.545605544253450813e+20
1.543643553079370056e+20
1.541684289616259973e+20
1.539727842372182671e+20
1.537774099545476301e+20
1.535823120706670756e+20
1.533874782973062021e+20
1.531929099677501686e+20
1.529986056468318781e+20
1.528045655738443039e+20
1.526108042309064131e+20
1.524173102829864550e+20
1.522240908520774042e+20
1.520311412912362947e+20
1.518384458407533937e+20
1.516460190383161672e+20
1.514538503079392051e+20
1.512619468874685809e+20
1.510703203382257254e+20
1.508789572080735355e+20
1.506878648485300470e+20
1.504970327095465738e+20
1.503064577754117243e+20
1.501161429845399306e+20
1.499260858056777073e+20
1.497362989649879695e+20
1.495467761220544430e+20
1.493575208478438523e+20
1.491685305151038095e+20
1.489797883852221972e+20
1.487913093961453732e+20
1.486030824696333926e+20
1.484151137680838492e+20
1.482274168869743493e+20
1.480399768671147131e+20
1.478528020369054106e+20
1.476658834203328512e+20
1.474792143643007549e+20
1.472928013747430523e+20
1.471066396146086707e+20
1.469207402075703869e+20
1.467351017730464154e+20
1.465497229886641766e+20
1.463646040970034708e+20
1.461797293665683046e+20
1.459951114409647309e+20
1.458107397997550469e+20
1.456266196601605652e+20
1.454427660088450253e+20
1.452591631060201800e+20
1.450758198601542205e+20
1.448927287123785155e+20
1.447098800501716419e+20
1.445272831794441912e+20
1.443449313999849062e+20
1.441628343798445015e+20
1.439809949583937044e+20
1.437994077597216440e+20
1.436180753814783754e+20
1.434369838961139548e+20
1.432561417242016154e+20
1.430755408635685929e+20
1.428951853133361807e+20
1.427150902864679076e+20
1.425352405060786913e+20
1.423556448991903089e+20
1.421762971742203085e+20
1.419971854047748096e+20
1.418183209662868029e+20
1.416396957167341568e+20
1.414613180090491208e+20
1.412831941975205970e+20
1.411053156523068621e+20
1.409276868900219617e+20
1.407502958143830262e+20
1.405731461360586588e+20
1.403962340339283395e+20
1.402195613123803546e+20
1.400431420114042552e+20
1.398669633084999434e+20
1.396910333457645404e+20
1.395153469558164685e+20
1.393398905127394345e+20
1.391646767667413156e+20
1.389896965348444733e+20
1.388149569892285645e+20
1.386404673276193669e+20
1.384662164271614853e+20
1.382922103082122772e+20
1.381184385447802798e+20
1.379449004946432328e+20
1.377715967597547848e+20
1.375985263692582420e+20
1.374257017585360732e+20
1.372531146867049595e+20
1.370807702760228946e+20
1.369086650433857618e+20
1.367367842476637880e+20
1.365651413534641521e+20
1.363937265179827077e+20
1.362225458610927862e+20
1.360516107847805829e+20
1.358809083968539361e+20
1.357104458263014932e+20
1.355402141634687468e+20
1.353702090844187197e+20
1.352004348534021980e+20
1.350308881624829297e+20
1.348615799052273091e+20
1.346925064429091717e+20
1.345236689428191314e+20
1.343550662718650286e+20
1.341866835668873544e+20
1.340185335363032842e+20
1.338506063207247872e+20
1.336829071104572129e+20
1.335154489036680724e+20
1.333482177266667192e+20
1.331812214413185352e+20
1.330144525071197307e+20
1.328479035582676009e+20
1.326815817964041503e+20
1.325154819941049139e+20
1.323496136411170734e+20
1.321839773245214392e+20
1.320185700862686495e+20
1.318533931773786358e+20
1.316884330024942141e+20
1.315236994764487066e+20
1.313591839038981898e+20
1.311948904847609201e+20
1.310308332352387318e+20
1.308669977534954701e+20
1.307033922771504660e+20
1.305400104941877985e+20
1.303768426066102354e+20
1.302138980630964470e+20
1.300511701145093898e+20
1.298886669788574024e+20
1.297263928042933780e+20
1.295643412620518851e+20
1.294025155756249907e+20
1.292409039006779965e+20
1.290795119470454211e+20
1.289183338675410862e+20
1.287573727848670659e+20
1.285966418820153672e+20
1.284361283222689546e+20
1.282758399221128888e+20
1.281157714636432671e+20
1.279559112972720865e+20
1.277962704616356905e+20
1.276368410645774828e+20
1.274776301787393065e+20
1.273186448798342513e+20
1.271598761869860045e+20
1.270013289039697347e+20
1.268429927866890322e+20
1.266848692262335283e+20
1.265269568010059612e+20
1.263692558786884895e+20
1.262117785622176236e+20
1.260545151394205532e+20
1.258974717835407196e+20
1.257406445306927186e+20
1.255840204323076833e+20
1.254276114919434977e+20
1.252714090347422024e+20
1.251154191088452567e+20
1.249596511140848271e+20
1.248040941013986345e+20
1.246487540813895270e+20
1.244936222659235348e+20
1.243386963598414152e+20
1.241839786497415086e+20
1.240294671610334904e+20
1.238751725175030907e+20
1.237210891834783826e+20
1.235672204589356155e+20
1.234135639590263521e+20
1.232601059213220413e+20
1.231068587201174569e+20
1.229538132404812677e+20
1.228009746216091812e+20
1.226483540129685996e+20
1.224959391478499574e+20
1.223437368882674401e+20
1.221917397640496087e+20
1.220399423971300475e+20
1.218883500983049257e+20
1.217369589443205530e+20
1.215857782093996196e+20
1.214348065517165937e+20
1.212840431232262963e+20
1.211334880047583396e+20
1.209831281708456346e+20
1.208329741688668160e+20
1.206830173138053202e+20
1.205332619463434404e+20
1.203837204189810360e+20
1.202343797657628508e+20
1.200852473620675133e+20
1.199363169237371453e+20
1.197875805650460180e+20
1.196390459691666801e+20
1.194907076393530819e+20
1.193425736243527680e+20
1.191946461499913011e+20
1.190469209317065196e+20
1.188994000494422589e+20
1.187520719613752279e+20
1.186049437235406602e+20
1.184580087103106580e+20
1.183112702267560919e+20
1.181647409202857411e+20
1.180184081015331062e+20
1.178722792084615004e+20
1.177263490168108646e+20
1.175806076813755351e+20
1.174350646368821903e+20
1.172897131705008456e+20
1.171445602242847539e+20
1.169996109945589760e+20
1.168548584382305075e+20
1.167103062642767954e+20
1.165659444598972416e+20
1.164217761302721823e+20
1.162777981313784709e+20
1.161340119614973379e+20
1.159904292749029868e+20
1.158470394337038828e+20
1.157038492274921636e+20
1.155608543714131476e+20
1.154180435828826931e+20
1.152754274572201001e+20
1.151329984058104381e+20
1.149907623776725074e+20
1.148487269704608481e+20
1.147068830282547528e+20
1.145652355364292198e+20
1.144237758760664269e+20
1.142825034945549271e+20
1.141414189611126292e+20
1.140005214481604444e+20
1.138598212757864448e+20
1.137193116127994184e+20
1.135789967543698391e+20
1.134388738137726648e+20
1.132989305680267837e+20
1.131591782108425421e+20
1.130196086016420577e+20
1.128802268051283149e+20
1.127410422780689449e+20
1.126020443663295447e+20
1.124632389958507889e+20
1.123246188122770637e+20
1.121861801736699740e+20
1.120479267176238612e+20
1.119098556614139085e+20
1.117719760314400932e+20
1.116342848612283187e+20
1.114967831145109750e+20
1.113594698717047194e+20
1.112223328538706248e+20
1.110853825611519754e+20
1.109486108614467092e+20
1.108120220390939197e+20
1.106756268937197650e+20
1.105394138576529490e+20
1.104033894777540936e+20
1.102675475405212058e+20
1.101318818570061087e+20
1.099963985182739169e+20
1.098610931400142684e+20
1.097259735714546483e+20
1.095910403875444982e+20
1.094562910924369101e+20
1.093217267698216305e+20
1.091873362222696038e+20
1.090531275259206042e+20
1.089190936083013140e+20
1.087852378972693135e+20
1.086515720440565596e+20
1.085180841233096540e+20
1.083847809987506831e+20
1.082516574794344530e+20
1.081187053465195479e+20
1.079859325585062298e+20
1.078533334665296773e+20
1.077209148542269358e+20
1.075886802755433103e+20
1.074566244141622067e+20
1.073247500081254072e+20
1.071930473174285353e+20
1.070615208655963914e+20
1.069301660708393452e+20
1.067989853695602524e+20
1.066679896937187574e+20
1.065371684888318444e+20
1.064065282462864507e+20
1.062760646846158930e+20
1.061457680479153029e+20
1.060156476039041352e+20
1.058856967602670961e+20
1.057559213418708992e+20
1.056263273452604129e+20
1.054969072427143168e+20
1.053676650939466875e+20
1.052385924898524201e+20
1.051096903517549363e+20
1.049809577822163763e+20
1.048523949259621171e+20
1.047240117710836040e+20
1.045958004857266340e+20
1.044677660810205594e+20
1.043399053518664663e+20
1.042122074747242250e+20
1.040846824951195894e+20
1.039573231830464758e+20
1.038301345068258263e+20
1.037031243942889882e+20
1.035762836864323420e+20
1.034496174476118917e+20
1.033231184784912384e+20
1.031967846334064558e+20
1.030706180917635482e+20
1.029446170555097743e+20
1.028187902758306284e+20
1.026931334438069043e+20
1.025676490518005514e+20
1.024423353330022973e+20
1.023171807649334231e+20
1.021921956653333545e+20
1.020673724574844846e+20
1.019427153509516575e+20
1.018182337177070797e+20
1.016939173197083116e+20
1.015697719240012923e+20
1.014457914250921902e+20
1.013219711212139151e+20
1.011983156889937674e+20
1.010748217205460992e+20
1.009514968395017912e+20
1.008283402251921818e+20
1.007053509229016187e+20
1.005825291617470710e+20
1.004598642098343936e+20
1.003373646699110236e+20
1.002150233974518252e+20
1.000928439367761101e+20
9.997083664013333299e+19
9.984899071583553126e+19
9.972731234619274035e+19
9.960579640864756531e+19
9.948443613275725824e+19
9.936323813962961715e+19
9.924219772911196570e+19
9.912132150204679782e+19
9.900061159667861094e+19
9.888006421320222310e+19
9.875968124078781235e+19
9.863945324638501274e+19
9.851938572793300582e+19
9.839947345038357299e+19
9.827971909256269005e+19
9.816013305959479706e+19
9.804070499164851405e+19
9.792144105087560909e+19
9.780233699159126835e+19
9.768338443949237862e+19
9.756459143333727437e+19
9.744595228344947507e+19
9.732747266822191514e+19
9.720915717968642048e+19
9.709099974698239590e+19
9.697300360573383475e+19
9.685516059057304371e+19
9.673747284806931251e+19
9.661993825112755405e+19
9.650255775512626790e+19
9.638534099319667098e+19
9.626827936363703501e+19
9.615137844521856205e+19
9.603463477742847590e+19
9.591803882512293888e+19
9.580159954285323878e+19
9.568531053987712205e+19
9.556917666820330291e+19
9.545320449186168832e+19
9.533738621603345203e+19
9.522172612376708710e+19
9.510621720396591923e+19
9.499085858220254822e+19
9.487565118702416691e+19
9.476059405890443674e+19
9.464569565116160410e+19
9.453095071523389440e+19
9.441636257489105715e+19
9.430192897949876224e+19
9.418763965508657152e+19
9.407350399420491366e+19
9.395951517973956198e+19
9.384567732925489152e+19
9.373199851948143411e+19
9.361846975278361805e+19
9.350509607464846950e+19
9.339187151966463590e+19
9.327879267335043482e+19
9.316586297392344269e+19
9.305307986027110400e+19
9.294045070848106496e+19
9.282797353896103117e+19
9.271564870294269133e+19
9.260347570878858854e+19
9.249144445685953331e+19
9.237956344773117542e+19
9.226782599113759130e+19
9.215623555815728742e+19
9.204480130059866931e+19
9.193351351414528410e+19
9.182237773526923674e+19
9.171138894031509914e+19
9.160054163386123878e+19
9.148984124284757606e+19
9.137928390358849946e+19
9.126887601326212710e+19
9.115861850761450291e+19
9.104850889925404262e+19
9.093854834599804928e+19
9.082872774915799450e+19
9.071905328961729331e+19
9.060951946115425894e+19
9.050012893411521331e+19
9.039089151864841830e+19
9.028179727580412314e+19
9.017285197462568960e+19
9.006405143377685709e+19
8.995538851496134246e+19
8.984687013702108774e+19
8.973849141891833856e+19
8.963025787312735846e+19
8.952217287538081792e+19
8.941423164027992474e+19
8.930643667969982464e+19
8.919878009974185984e+19
8.909126504468576666e+19
8.898388837830143181e+19
8.887665171879858995e+19
8.876956410623629722e+19
8.866261703667317146e+19
8.855581585894113280e+19
8.844915713892009574e+19
8.834263251320949965e+19
8.823624991899403878e+19
8.813000372980847411e+19
8.802389866365535846e+19
8.791794008260984832e+19
8.781212141881643827e+19
8.770644625637412045e+19
8.760090780002918400e+19
8.749550623827779584e+19
8.739024144491762483e+19
8.728511316373169766e+19
8.718012953201845862e+19
8.707528463324592538e+19
8.697058226666877747e+19
8.686601998128583475e+19
8.676158858679718707e+19
8.665729658759308902e+19
8.655313787088974643e+19
8.644911644661325824e+19
8.634523923046499942e+19
8.624149836352464486e+19
8.613789823335614054e+19
8.603443304168048230e+19
8.593110047368527872e+19
8.582790289925378867e+19
8.572483848241120870e+19
8.562191433374289101e+19
8.551912753149181952e+19
8.541647951311509914e+19
8.531396919067723366e+19
8.521158708143557837e+19
8.510934150444289229e+19
8.500722621502636032e+19
8.490524459772688794e+19
8.480340470932961690e+19
8.470169786795843584e+19
8.460012900848807117e+19
8.449869323226269286e+19
8.439738615332644454e+19
8.429621214699710054e+19
8.419516807890547507e+19
8.409426012515819520e+19
8.399348821668028416e+19
8.389285098443354931e+19
8.379234896592648602e+19
8.369197341810765005e+19
8.359173102980734976e+19
8.349161610976952320e+19
8.339163144373744435e+19
8.329178583648210125e+19
8.319207022884552704e+19
8.309248985900780749e+19
8.299304063475240141e+19
8.289371651155530547e+19
8.279452340198051021e+19
8.269545714179688038e+19
8.259652306104143053e+19
8.249772349626676019e+19
8.239905478074004275e+19
8.230051879934751539e+19
8.220210795171497574e+19
8.210382616750433894e+19
8.200566952286873190e+19
8.190764014599782400e+19
8.180974650279777075e+19
8.171198029337893274e+19
8.161434658943236506e+19
8.151684201601882522e+19
8.141945926372712448e+19
8.132220533584188211e+19
8.122507529442898739e+19
8.112807370817083802e+19
8.103120489238129869e+19
8.093446336811520819e+19
8.083785210219210342e+19
8.074136453760427622e+19
8.064500173520504422e+19
8.054876269660715418e+19
8.045264774524905062e+19
8.035666468846003814e+19
8.026080711528597094e+19
8.016507918820320870e+19
8.006947830405138022e+19
7.997399626399331123e+19
7.987864073639583744e+19
7.978340625385104998e+19
7.968829670483369984e+19
7.959331797602195866e+19
7.949846323925784986e+19
7.940373629002234266e+19
7.930913151951231386e+19
7.921464753886049075e+19
7.912028581072764928e+19
7.902604511168069632e+19
7.893193227262006067e+19
7.883794362591793971e+19
7.874408149286169805e+19
7.865034425370376602e+19
7.855672317159795917e+19
7.846322617449303245e+19
7.836984749823516672e+19
7.827659042879284838e+19
7.818346203558484378e+19
7.809045458256660070e+19
7.799757245234572493e+19
7.790481089316705075e+19
7.781216647300202496e+19
7.771964265372673638e+19
7.762723692963887514e+19
7.753495524170206413e+19
7.744279669704084685e+19
7.735076086353469440e+19
7.725884776169095168e+19
7.716704912545434829e+19
7.707537167914431283e+19
7.698380994254345011e+19
7.689236667348869120e+19
7.680104975361574502e+19
7.670985095942838682e+19
7.661877503044281958e+19
7.652781798466134016e+19
7.643697473522416026e+19
7.634625030229932442e+19
7.625564115058227610e+19
7.616515241403704934e+19
7.607478555433425306e+19
7.598453786451250381e+19
7.589441069400673485e+19
7.580439675287152230e+19
7.571450042069519565e+19
7.562471762223189197e+19
7.553505042314413670e+19
7.544550689156946330e+19
7.535607898950110413e+19
7.526677150317487718e+19
7.517758113679192883e+19
7.508850151940472832e+19
7.499953880871994982e+19
7.491068868098518221e+19
7.482195554266780467e+19
7.473334280855106355e+19
7.464484595370947379e+19
7.455646740665450496e+19
7.446820086626684109e+19
7.438004809329333043e+19
7.429200738478080000e+19
7.420407953194203546e+19
7.411627198236919398e+19
7.402857804378236518e+19
7.394100208056413389e+19
7.385354140315749581e+19
7.376618871030628352e+19
7.367895089595686093e+19
7.359182307795971277e+19
7.350480901147091763e+19
7.341791368106224845e+19
7.333113117980235366e+19
7.324446477675764941e+19
7.315790907059217203e+19
7.307146343943023002e+19
7.298512858884997120e+19
7.289890380495636890e+19
7.281279562830014054e+19
7.272679994526303027e+19
7.264091940494545715e+19
7.255515224981440102e+19
7.246949058572189696e+19
7.238394166031672934e+19
7.229850025239549542e+19
7.221316953878379725e+19
7.212795570798474035e+19
7.204285188684740198e+19
7.195786195739940454e+19
7.187298133275988787e+19
7.178820739069901210e+19
7.170354281085978214e+19
7.161898562294905242e+19
7.153454152186738278e+19
7.145020895485266330e+19
7.136598825949129933e+19
7.128187903411523584e+19
7.119787352596894515e+19
7.111397828142492058e+19
7.103018817942220800e+19
7.094650588834149990e+19
7.086293845160587264e+19
7.077947842618162381e+19
7.069613009000273510e+19
7.061288958890162586e+19
7.052975266560193331e+19
7.044672355880580710e+19
7.036379927943086080e+19
7.028098475450449101e+19
7.019828072132031283e+19
7.011568528392179712e+19
7.003319934152854733e+19
6.995081592689826202e+19
6.986853973935301427e+19
6.978636661600677888e+19
6.970429858733645824e+19
6.962234321891841638e+19
6.954049287542180250e+19
6.945875202379546624e+19
6.937711746430588518e+19
6.929558365357026509e+19
6.921415599312192307e+19
6.913283070198769254e+19
6.905161201390638694e+19
6.897050257891079782e+19
6.888949869721210061e+19
6.880860233387643699e+19
6.872780745700128358e+19
6.864711637271854285e+19
6.856652682549818982e+19
6.848603997410731622e+19
6.840566278707833242e+19
6.832538876437495808e+19
6.824522204217490637e+19
6.816516000024221286e+19
6.808519614223492710e+19
6.800533665440626278e+19
6.792557718045786931e+19
6.784592133234001510e+19
6.776637331235023258e+19
6.768692802711726490e+19
6.760758828305630822e+19
6.752834890031034368e+19
6.744920988012573491e+19
6.737017130894382694e+19
6.729123288918710682e+19
6.721240086362618266e+19
6.713367080768527565e+19
6.705504559579717632e+19
6.697652338749865984e+19
6.689809705139929907e+19
6.681977319783745946e+19
6.674154710178788966e+19
6.666342182193216717e+19
6.658540276860771533e+19
6.650748384633915802e+19
6.642966848856580096e+19
6.635195228762644480e+19
6.627433329913968230e+19
6.619681354300058010e+19
6.611939149894867354e+19
6.604207260783331738e+19
6.596485480387062989e+19
6.588773904221514138e+19
6.581072458501221581e+19
6.573380417353703424e+19
6.565698413410439987e+19
6.558025969139059917e+19
6.550363341644904858e+19
6.542711159910832538e+19
6.535068751516274688e+19
6.527436502056418509e+19
6.519814040332451021e+19
6.512201011691299635e+19
6.504597772427123098e+19
6.497004070579396608e+19
6.489420377332450918e+19
6.481846707608884019e+19
6.474282939189760000e+19
6.466729124803858432e+19
6.459184600812389990e+19
6.451649857668501504e+19
6.444124476084117504e+19
6.436608661940305101e+19
6.429103100826252083e+19
6.421607093039794586e+19
6.414121046922834739e+19
6.406644653512870298e+19
6.399177430766654259e+19
6.391719851990202778e+19
6.384271586626008678e+19
6.376833039952614195e+19
6.369404412945572659e+19
6.361985406046655283e+19
6.354576176399273165e+19
6.347176148680606515e+19
6.339785594335404851e+19
6.332404246174755226e+19
6.325032247940083712e+19
6.317670250814755635e+19
6.310317628046279475e+19
6.302974770023949107e+19
6.295641423000796365e+19
6.288317008898137293e+19
6.281002082427913011e+19
6.273696254811686502e+19
6.266399872130223309e+19
6.259113287530242048e+19
6.251836062699093197e+19
6.244568438076271821e+19
6.237309918865087693e+19
6.230060554612807270e+19
6.222820304563563725e+19
6.215589172239388672e+19
6.208367751689832038e+19
6.201155580645093376e+19
6.193952961624375296e+19
6.186759705603520922e+19
6.179575168404462797e+19
6.172399952166896435e+19
6.165233629339775795e+19
6.158076493236978483e+19
6.150929016806102630e+19
6.143790659818359194e+19
6.136661725837597082e+19
6.129541793122867610e+19
6.122430723072708608e+19
6.115328662969697894e+19
6.108235498059622810e+19
6.101151746492366848e+19
6.094077163412978074e+19
6.087011892413518643e+19
6.079955833799686554e+19
6.072908308969704653e+19
6.065869925464945459e+19
6.058840238721191117e+19
6.051819495448497357e+19
6.044808257483630182e+19
6.037805917834909286e+19
6.030812823932478259e+19
6.023828619929327206e+19
6.016853011356194406e+19
6.009886296824703386e+19
6.002928264287558042e+19
5.995979362828858982e+19
5.989039560779274650e+19
5.982108790800955802e+19
5.975187075531259904e+19
5.968273785013148877e+19
5.961369419818300211e+19
5.954473563218801459e+19
5.947586421225196749e+19
5.940708615059027558e+19
5.933839504493528678e+19
5.926979462448621158e+19
5.920128192107541299e+19
5.913285273996942541e+19
5.906451122974999347e+19
5.899625449757777101e+19
5.892808640921689293e+19
5.886000844694589440e+19
5.879201820764693299e+19
5.872411693331449446e+19
5.865629915541062451e+19
5.858856783919021261e+19
5.852092012840957542e+19
5.845335754972630221e+19
5.838588621879844864e+19
5.831850012954611712e+19
5.825120295449355059e+19
5.818399225001772646e+19
5.811686286629928141e+19
5.804981977926564250e+19
5.798285951533003571e+19
5.791598537809455514e+19
5.784920033048899584e+19
5.778250060237889536e+19
5.771588825281203405e+19
5.764935857289677210e+19
5.758291243798651699e+19
5.751654905869740442e+19
5.745026872894654054e+19
5.738407708509379789e+19
5.731796940427635098e+19
5.725194879642071859e+19
5.718601335181347226e+19
5.712015724729678234e+19
5.705438596618241638e+19
5.698869563712157286e+19
5.692308906189194035e+19
5.685757037981272474e+19
5.679213480020590592e+19
5.672678500941666714e+19
5.666151698832508518e+19
5.659632980220066202e+19
5.653122447910587597e+19
5.646620017491406029e+19
5.640126180891044250e+19
5.633640667323184742e+19
5.627163653564332442e+19
5.620695019661289882e+19
5.614234142864368435e+19
5.607781591710026138e+19
5.601336956752497050e+19
5.594900473771787878e+19
5.588472645269581005e+19
5.582052923202898330e+19
5.575641620810955162e+19
5.569238398457731482e+19
5.562843011987990118e+19
5.556455711449889178e+19
5.550076318332781363e+19
5.543705259261165568e+19
5.537342466807640883e+19
5.530987917274540442e+19
5.524641609576620032e+19
5.518302954452809318e+19
5.511972433373328998e+19
5.505649657292894208e+19
5.499334823137685504e+19
5.493028494219645747e+19
5.486730085086719181e+19
5.480439936278654976e+19
5.474157764010799104e+19
5.467883202453320499e+19
5.461616615907717120e+19
5.455357750609821696e+19
5.449106974027205018e+19
5.442864391752586035e+19
5.436629812534303130e+19
5.430403333456006349e+19
5.424184436431314944e+19
5.417973429570399437e+19
5.411770028465419878e+19
5.405574378836385792e+19
5.399387058041038438e+19
5.393207493593341952e+19
5.387036030065324032e+19
5.380872433366301901e+19
5.374716243726108262e+19
5.368567908173052314e+19
5.362427115701673984e+19
5.356294180521861939e+19
5.350169351352074240e+19
5.344052303470070170e+19
5.337943213466050560e+19
5.331841634790519603e+19
5.325747682923026842e+19
5.319661250682892288e+19
5.313582386820933222e+19
5.307511624607250842e+19
5.301448490144499302e+19
5.295393297134674739e+19
5.289345855371721114e+19
5.283305637649895424e+19
5.277273143609326797e+19
5.271248022212054221e+19
5.265230540069897011e+19
5.259221060440190976e+19
5.253219157701865472e+19
5.247225070109325722e+19
5.241238416115420365e+19
5.235259137873829888e+19
5.229287302890343629e+19
5.223322850942738432e+19
5.217366247669931213e+19
5.211417211005036954e+19
5.205475926066559386e+19
5.199542271251136512e+19
5.193615677235181978e+19
5.187696667518304256e+19
5.181784867463263846e+19
5.175880501511739802e+19
5.169984020135499366e+19
5.164094927927195238e+19
5.158213507754806477e+19
5.152339436804563763e+19
5.146472512383902515e+19
5.140612944268643533e+19
5.134760581764305715e+19
5.128915828877473382e+19
5.123078591933727539e+19
5.117248880878995866e+19
5.111426676553999974e+19
5.105611428540497101e+19
5.099803597050811187e+19
5.094002819436303974e+19
5.088209283172477338e+19
5.082423499839807488e+19
5.076644933948843622e+19
5.070873896694832333e+19
5.065110117985049805e+19
5.059353277533537894e+19
5.053603696378830848e+19
5.047861151053321830e+19
5.042125989691877786e+19
5.036398284224401408e+19
5.030677883287952589e+19
5.024964862080146637e+19
5.019258731315835699e+19
5.013559803552871219e+19
5.007867799145635840e+19
5.002182856632866406e+19
4.996505519670081946e+19
4.990835245135078195e+19
4.985172355633731994e+19
4.979516628030029005e+19
4.973867650512492134e+19
4.968225825736020787e+19
4.962590874384809984e+19
4.956963094252195021e+19
4.951342694807718298e+19
4.945729395393769472e+19
4.940123348031806669e+19
4.934524130692339302e+19
4.928931878066308710e+19
4.923346463437830554e+19
4.917767949253812224e+19
4.912196833312806502e+19
4.906632663301573018e+19
4.901075734597450138e+19
4.895525865496433459e+19
4.889982577584929178e+19
4.884446326802158387e+19
4.878916794161420698e+19
4.873394232421879808e+19
4.867878961744034202e+19
4.862370602783607194e+19
4.856869367615882854e+19
4.851374895357036954e+19
4.845887155439939584e+19
4.840406188203254579e+19
4.834931952209095885e+19
4.829464886931534643e+19
4.824004706004285030e+19
4.818551598253434470e+19
4.813105442472246477e+19
4.807665717463185818e+19
4.802232905386867917e+19
4.796806663041122304e+19
4.791387203242824499e+19
4.785974931169085850e+19
4.780569398039234150e+19
4.775170859949263258e+19
4.769779011297375027e+19
4.764393682995407258e+19
4.759015051990461645e+19
4.753642990323373670e+19
4.748277879404141773e+19
4.742919607573047706e+19
4.737568209630517658e+19
4.732223653297563238e+19
4.726885425080232346e+19
4.721553962446333542e+19
4.716228927762250138e+19
4.710910498786094285e+19
4.705599141171258982e+19
4.700294364640133939e+19
4.694996453987898982e+19
4.689705153269291418e+19
4.684420180470799565e+19
4.679141820013205914e+19
4.673869874034012979e+19
4.668604671276551373e+19
4.663346257886356275e+19
4.658094514228736000e+19
4.652849498255124070e+19
4.647610749286762906e+19
4.642378578270094950e+19
4.637152713355808768e+19
4.631933288389305958e+19
4.626720806054827622e+19
4.621514761251944858e+19
4.616315452840570061e+19
4.611122669136642867e+19
4.605936039694313062e+19
4.600755928540097741e+19
4.595582083805911450e+19
4.590414786751608422e+19
4.585254214989244826e+19
4.580100124509273293e+19
4.574952647027045171e+19
4.569811384994109030e+19
4.564676484802081587e+19
4.559547807735352525e+19
4.554425425063478067e+19
4.549309800979445350e+19
4.544200506390508339e+19
4.539097818457611469e+19
4.534001564585046835e+19
4.528911309322329293e+19
4.523827469657483674e+19
4.518749754918915277e+19
4.513678403858982502e+19
4.508613700348429926e+19
4.503555304755031245e+19
4.498503406801578394e+19
4.493457666357638758e+19
4.488418072876861030e+19
4.483384646654962893e+19
4.478357360334959411e+19
4.473336627519678054e+19
4.468322163452234957e+19
4.463314156685352960e+19
4.458312488200683520e+19
4.453316679941806490e+19
4.448327176395968512e+19
4.443343662618261914e+19
4.438366339629121536e+19
4.433395573442526413e+19
4.428430956292492493e+19
4.423472720838606029e+19
4.418520578884717773e+19
4.413574388040546714e+19
4.408634299026089574e+19
4.403700202149493965e+19
4.398772456404052378e+19
4.393850939240797798e+19
4.388935702676946125e+19
4.384026705609601843e+19
4.379123469528028774e+19
4.374226408211723059e+19
4.369335207619209626e+19
4.364450035620752589e+19
4.359571317313233715e+19
4.354698603065897779e+19
4.349832154066959565e+19
4.344971728791792845e+19
4.340117077038404403e+19
4.335268452584335770e+19
4.330425679001152717e+19
4.325589065728897843e+19
4.320758639973176115e+19
4.315934306650809958e+19
4.311116110537262694e+19
4.306303619169825587e+19
4.301497136813514752e+19
4.296696401956814848e+19
4.291901543792976691e+19
4.287113024460496896e+19
4.282330377554896486e+19
4.277553879024646554e+19
4.272783328967536640e+19
4.268018392375956275e+19
4.263259399897412403e+19
4.258506123295220531e+19
4.253758827313308467e+19
4.249017664199761920e+19
4.244282419987973734e+19
4.239553209871591834e+19
4.234829660555182899e+19
4.230111923748156211e+19
4.225399855172367974e+19
4.220693530774926950e+19
4.215993383073216102e+19
4.211299007027127091e+19
4.206610662133438054e+19
4.201928185269781299e+19
4.197251178637472563e+19
4.192580024705756365e+19
4.187914457710692762e+19
4.183254702364554035e+19
4.178601012297528934e+19
4.173953081659793408e+19
4.169311081263662694e+19
4.164674691641048269e+19
4.160043916023652352e+19
4.155418760828009677e+19
4.150799208729665536e+19
4.146185647899710259e+19
4.141577800117345485e+19
4.136975850299467366e+19
4.132379683147915264e+19
4.127788859129448038e+19
4.123203788587506893e+19
4.118624181886586061e+19
4.114050228185358336e+19
4.109482259851874304e+19
4.104919904977951130e+19
4.100363375833366528e+19
4.095812401649506714e+19
4.091266860726620979e+19
4.086726883341393101e+19
4.082192374180161946e+19
4.077663670137656934e+19
4.073140643795202867e+19
4.068623357831725875e+19
4.064111765999561933e+19
4.059605422840826266e+19
4.055104717939765248e+19
4.050609359423999181e+19
4.046119505196340019e+19
4.041635544700193997e+19
4.037157064658547507e+19
4.032684305254154240e+19
4.028217039495091814e+19
4.023755043308545638e+19
4.019298545132434227e+19
4.014847386301353165e+19
4.010401857169770906e+19
4.005961971882227302e+19
4.001527653670544179e+19
3.997098937663170970e+19
3.992675419057917133e+19
3.988257391268336435e+19
3.983844605196137267e+19
3.979437184265950003e+19
3.975035554282407526e+19
3.970639284192665600e+19
3.966248629143736320e+19
3.961863401195916493e+19
3.957483295506858803e+19
3.953108614074366362e+19
3.948739148895521997e+19
3.944375148335478374e+19
3.940016744921664717e+19
3.935663748918413722e+19
3.931316262318775501e+19
3.926973935691099341e+19
3.922636920711528448e+19
3.918305072958605722e+19
3.913978469577923789e+19
3.909657513290717594e+19
3.905341823515661107e+19
3.901031642753008435e+19
3.896726817582554317e+19
3.892426983073060454e+19
3.888132491241606349e+19
3.883843098159680717e+19
3.879559014574886912e+19
3.875280469195282022e+19
3.871007184665548390e+19
3.866739315946528768e+19
3.862476563985663590e+19
3.858218940487799603e+19
3.853966443252477133e+19
3.849719061544027750e+19
3.845477158665734554e+19
3.841240466967802675e+19
3.837009164945840538e+19
3.832783142297309184e+19
3.828561993790776934e+19
3.824346098947034317e+19
3.820135190741893939e+19
3.815929446503798374e+19
3.811729169864402534e+19
3.807534020103008256e+19
3.803344191845531648e+19
3.799159431623836467e+19
3.794979633260727501e+19
3.790804911593009971e+19
3.786635182336345702e+19
3.782470760724079411e+19
3.778311519502390886e+19
3.774157526462603264e+19
3.770008733320427930e+19
3.765864725776519168e+19
3.761725869061488640e+19
3.757591892079325184e+19
3.753462942769949082e+19
3.749339379345022157e+19
3.745220820916151091e+19
3.741107489045718630e+19
3.736999171245681050e+19
3.732895664627015680e+19
3.728797176936828109e+19
3.724703564074937549e+19
3.720615097640467661e+19
3.716531783703688806e+19
3.712453558460295578e+19
3.708380450413335347e+19
3.704312081727989350e+19
3.700248731608582554e+19
3.696190165011172557e+19
3.692136498683700019e+19
3.688088125956862771e+19
3.684044647951549645e+19
3.680006300992743424e+19
3.675972909152258458e+19
3.671944193110898278e+19
3.667920430420739686e+19
3.663901430318785741e+19
3.659887425033497805e+19
3.655878532220227584e+19
3.651874581322536141e+19
3.647875664012847104e+19
3.643881454198360064e+19
3.639892099107089203e+19
3.635907458659584819e+19
3.631927608324951245e+19
3.627952922839564288e+19
3.623983046150614630e+19
3.620018204499131187e+19
3.616058254274603827e+19
3.612102859150284390e+19
3.608152344365479526e+19
3.604206485086959616e+19
3.600265478269456384e+19
3.596329532323987046e+19
3.592398393732710400e+19
3.588472204291434086e+19
3.584550684983934157e+19
3.580633851541314765e+19
3.576721697572042342e+19
3.572814216038518784e+19
3.568911746044643328e+19
3.565014033743337062e+19
3.561121248955120026e+19
3.557233287401940582e+19
3.553349774341738906e+19
3.549471061537868186e+19
3.545596902137776538e+19
3.541727461758124851e+19
3.537863019615460147e+19
3.534003262003798016e+19
3.530148368349260595e+19
3.526298102229364326e+19
3.522452368597019034e+19
3.518611271118662451e+19
3.514774733689518899e+19
3.510943050419759104e+19
3.507116098361111347e+19
3.503293945792780698e+19
3.499476544978400461e+19
3.495663510937882214e+19
3.491855184664949965e+19
3.488051314499509862e+19
3.484252038499738419e+19
3.480457687587484058e+19
3.476667909658587136e+19
3.472882909810855936e+19
3.469102489909384397e+19
3.465326463992542003e+19
3.461555023138262221e+19
3.457788035056252928e+19
3.454025753017000346e+19
3.450268179186599936e+19
3.446515258197209498e+19
3.442767014477819494e+19
3.439023096355046605e+19
3.435283766193999872e+19
3.431548804246571418e+19
3.427818319877013094e+19
3.424092677433679872e+19
3.420371507254037709e+19
3.416655028665524224e+19
3.412943077685569126e+19
3.409235396474738278e+19
3.405532241826960179e+19
3.401833437608702362e+19
3.398139200244731085e+19
3.394449636631746150e+19
3.390764591058717901e+19
3.387084147343064269e+19
3.383408002093318963e+19
3.379736294517763686e+19
3.376068892515090842e+19
3.372405867546852147e+19
3.368747568095512166e+19
3.365093662443946803e+19
3.361444361345670758e+19
3.357799531000540774e+19
3.354158859928489984e+19
3.350522649863422362e+19
3.346890692649335603e+19
3.343263171704259789e+19
3.339640279117713408e+19
3.336021781160038400e+19
3.332407808792361779e+19
3.328798102544555622e+19
3.325192678505954509e+19
3.321591529751946854e+19
3.317994650554114458e+19
3.314402356571627930e+19
3.310814410273880883e+19
3.307230971037009101e+19
3.303651941403769242e+19
3.300076973717496627e+19
3.296506394765009306e+19
3.292939975684442931e+19
3.289377870576064102e+19
3.285820338002387763e+19
3.282267087592962458e+19
3.278718285722549453e+19
3.275173712651241882e+19
3.271633280779724390e+19
3.268097086191686451e+19
3.264565058569004237e+19
3.261037471521272627e+19
3.257514209741709722e+19
3.253995338215150387e+19
3.250480811861893939e+19
3.246970273250516992e+19
3.243464039468971622e+19
3.239961877020145254e+19
3.236463914230289203e+19
3.232970458205919232e+19
3.229481182398534042e+19
3.225996277363968000e+19
3.222515559065442714e+19
3.219038854849690829e+19
3.215566342555597619e+19
3.212097899356692480e+19
3.208633760703010406e+19
3.205173928285358899e+19
3.201718351402876109e+19
3.198267052530436506e+19
3.194819705259556045e+19
3.191376553133415629e+19
3.187937392577804288e+19
3.184502325056336691e+19
3.181071689055024742e+19
3.177645141425574298e+19
3.174222886153336013e+19
3.170804771036253389e+19
3.167390556232268186e+19
3.163980480967584154e+19
3.160574381486921318e+19
3.157172458821919539e+19
3.153774812550744883e+19
3.150381298142841651e+19
3.146991993641783706e+19
3.143606617628129280e+19
3.140225298472857600e+19
3.136847914923334451e+19
3.133474532588740198e+19
3.130105475340397773e+19
3.126740435402017178e+19
3.123379608819075891e+19
3.120022871509385216e+19
3.116669933562952090e+19
3.113321076081540301e+19
3.109976105475300147e+19
3.106635191954488115e+19
3.103298514661252710e+19
3.099965856180323533e+19
3.096637338633365504e+19
3.093312721514375168e+19
3.089992018304407142e+19
3.086675224505246515e+19
3.083362333760688538e+19
3.080053639109432934e+19
3.076748921214019584e+19
3.073448327674075546e+19
3.070151768433804493e+19
3.066858919916312986e+19
3.063570086415052390e+19
3.060285055130573619e+19
3.057003968909196902e+19
3.053727068894641766e+19
3.050454084851009536e+19
3.047185171966427955e+19
3.043920126730049126e+19
3.040658865952757350e+19
3.037401481096332902e+19
3.034147905651189350e+19
3.030898393418040525e+19
3.027652839348240384e+19
3.024411302110672077e+19
3.021173740962149171e+19
3.017939824327579238e+19
3.014709845884372992e+19
3.011483589102838989e+19
3.008261172787693568e+19
3.005042883257692160e+19
3.001828416668699034e+19
2.998617950726885376e+19
2.995411315150532608e+19
2.992208347559827456e+19
2.989009215433977446e+19
2.985813803439347302e+19
2.982622329781303296e+19
2.979434798436699750e+19
2.976251160293067571e+19
2.973071437598831411e+19
2.969895328243095962e+19
2.966723055535837594e+19
2.963554432627884442e+19
2.960389552741777408e+19
2.957228731256330240e+19
2.954071649108180992e+19
2.950918496421017600e+19
2.947769132523601101e+19
2.944623332608669696e+19
2.941481321054377574e+19
2.938342944565457306e+19
2.935208389256128922e+19
2.932077750214593741e+19
2.928950891042306458e+19
2.925827885737041920e+19
2.922708474048923648e+19
2.919592771363532390e+19
2.916480669462820454e+19
2.913372226690338406e+19
2.910267743856443392e+19
2.907166936578488320e+19
2.904069986961245389e+19
2.900976780467930317e+19
2.897887045934205338e+19
2.894801046315856691e+19
2.891718600766760141e+19
2.888639866680100045e+19
2.885565013073184358e+19
2.882493835909119181e+19
2.879426450153660006e+19
2.876362633608678195e+19
2.873302394807631462e+19
2.870245734008381850e+19
2.867192642693890458e+19
2.864143392161236173e+19
2.861097782581852570e+19
2.858055948837292851e+19
2.855017808656683827e+19
2.851983059918765261e+19
2.848951986606674739e+19
2.845924390297395610e+19
2.842900402903346381e+19
2.839880250896662938e+19
2.836863681430139699e+19
2.833850840101984666e+19
2.830841539102581146e+19
2.827835697196287590e+19
2.824833403613325722e+19
2.821834594048145818e+19
2.818839503239491174e+19
2.815848038375346995e+19
2.812860249468350054e+19
2.809876101408153600e+19
2.806895286868062618e+19
2.803918076732984115e+19
2.800944270328203674e+19
2.797973977199896166e+19
2.795007465485553254e+19
2.792044451562983834e+19
2.789085101758565990e+19
2.786129259129357517e+19
2.783176769064730214e+19
2.780227791056639590e+19
2.777282215634044518e+19
2.774340244388296294e+19
2.771401885747084493e+19
2.768467089731820339e+19
2.765535879738546995e+19
2.762607976933344461e+19
2.759683583482448282e+19
2.756762529521902387e+19
2.753844899854196326e+19
2.750930989155007283e+19
2.748020500295947878e+19
2.745113610844386918e+19
2.742210191339076813e+19
2.739310029521885594e+19
2.736413337203096781e+19
2.733519969934738227e+19
2.730630099442934579e+19
2.727743818603662131e+19
2.724860996664292557e+19
2.721981704983599923e+19
2.719105703622215270e+19
2.716233093422476083e+19
2.713363780779396710e+19
2.710497815738052608e+19
2.707635477503599411e+19
2.704776504427934515e+19
2.701921065415981466e+19
2.699069055235694592e+19
2.696220219063881318e+19
2.693374803828045824e+19
2.690532639871512986e+19
2.687693872212614758e+19
2.684858662065032806e+19
2.682026816330734797e+19
2.679198444216501862e+19
2.676373341117073818e+19
2.673551508835883418e+19
2.670732954153227878e+19
2.667917665216789709e+19
2.665105892502029926e+19
2.662297456514756608e+19
2.659492478822669517e+19
2.656690885145415270e+19
2.653892392553081651e+19
2.651097266607430861e+19
2.648305321804673434e+19
2.645516679491952640e+19
2.642731553768837530e+19
2.639949706857694413e+19
2.637171276113626726e+19
2.634396088840638054e+19
2.631624063819297587e+19
2.628855289923916186e+19
2.626089703782558515e+19
2.623327521861632410e+19
2.620568665002152346e+19
2.617813172825602458e+19
2.615061016810479206e+19
2.612311912358409830e+19
2.609566108268826624e+19
2.606823418695182336e+19
2.604083944233025536e+19
2.601347937053275341e+19
2.598615131626652058e+19
2.595885684158421811e+19
2.593159450568299315e+19
2.590436281988936909e+19
2.587716331835456717e+19
2.584999495176312832e+19
2.582285957662841242e+19
2.579575733809075814e+19
2.576868770874924237e+19
2.574165094461865165e+19
2.571464447954382029e+19
2.568767011899894989e+19
2.566072633423467725e+19
2.563381388874252698e+19
2.560693554296512512e+19
2.558008852623620506e+19
2.555327450001273242e+19
2.552649227798489088e+19
2.549973984254389862e+19
2.547301920486053478e+19
2.544632899558015795e+19
2.541967079380738458e+19
2.539304552403251200e+19
2.536645191541191475e+19
2.533989066631353139e+19
2.531335957143826432e+19
2.528685948336557261e+19
2.526038962261354086e+19
2.523395039964935373e+19
2.520754440408829133e+19
2.518116923941249843e+19
2.515482646971641446e+19
2.512851513274993050e+19
2.510223282350729216e+19
2.507598186870307635e+19
2.504976067058794496e+19
2.502357056043919360e+19
2.499741309105095885e+19
2.497128642097260954e+19
2.494519159604105626e+19
2.491912673853301555e+19
2.489309178626676736e+19
2.486708688493642138e+19
2.484111187408174285e+19
2.481516905973335245e+19
2.478925685429777203e+19
2.476337633738795008e+19
2.473752684657683661e+19
2.471170572518817382e+19
2.468591546069371290e+19
2.466015431480825446e+19
2.463442339943886438e+19
2.460872475076719821e+19
2.458305612247191552e+19
2.455741881683843891e+19
2.453181125169824154e+19
2.450623260025873203e+19
2.448068376185609421e+19
2.445516410236890317e+19
2.442967561194935910e+19
2.440421764478768742e+19
2.437879048117550694e+19
2.435339390834946048e+19
2.432802529330078106e+19
2.430268691085318963e+19
2.427737704141201818e+19
2.425209660488196506e+19
2.422684798184752333e+19
2.420162867998430413e+19
2.417644017074459853e+19
2.415128113671315456e+19
2.412615013066962125e+19
2.410104864092960358e+19
2.407597565308931277e+19
2.405093287133146726e+19
2.402592051335416627e+19
2.400093801015570022e+19
2.397598564757754675e+19
2.395106107081736192e+19
2.392616586816481280e+19
2.390129867856535552e+19
2.387646018194120704e+19
2.385165297003440538e+19
2.382687445674045850e+19
2.380212619901453107e+19
2.377740711457425408e+19
2.375271527417774899e+19
2.372805259710894490e+19
2.370341777829761843e+19
2.367881226475153818e+19
2.365423699017558426e+19
2.362969070518854042e+19
2.360517410151707034e+19
2.358068515865447629e+19
2.355622456741291213e+19
2.353179171064755405e+19
2.350738690473493709e+19
2.348301254954540237e+19
2.345866646061538099e+19
2.343435008369724211e+19
2.341006254316473139e+19
2.338580156056868864e+19
2.336156933458841190e+19
2.333736435546126746e+19
2.331318784073470362e+19
2.328904129851268710e+19
2.326492296112039117e+19
2.324083383716644864e+19
2.321677220932997530e+19
2.319273792659251610e+19
2.316873122080921600e+19
2.314475188376372838e+19
2.312080203244155290e+19
2.309688028694953165e+19
2.307298759054453146e+19
2.304912336025274368e+19
2.302528509581919846e+19
2.300147512997685658e+19
2.297769183071998362e+19
2.295393621280388710e+19
2.293021022282857267e+19
2.290651173030351258e+19
2.288284197531337523e+19
2.285919951378287411e+19
2.283558349362536858e+19
2.281199483483838464e+19
2.278843289577408512e+19
2.276489950050025472e+19
2.274139415397408358e+19
2.271791701322010214e+19
2.269446794187183309e+19
2.267104450647701504e+19
2.264764877676357222e+19
2.262427916343669965e+19
2.260093650411381146e+19
2.257762305350931251e+19
2.255433646740043776e+19
2.253107813542363136e+19
2.250784685794196685e+19
2.248464121700839014e+19
2.246146266630281216e+19
2.243831021828971725e+19
2.241518543212752486e+19
2.239208860569259213e+19
2.236901911877618893e+19
2.234597729234854707e+19
2.232296097199945728e+19
2.229997153104589619e+19
2.227700777200825958e+19
2.225407029641068544e+19
2.223116153284095181e+19
2.220827907544284365e+19
2.218542438178247475e+19
2.216259646895135949e+19
2.213979348297134899e+19
2.211701726293898854e+19
2.209426655947246387e+19
2.207154269379219046e+19
2.204884661845407334e+19
2.202617709436903834e+19
2.200353481290092134e+19
2.198091792885306982e+19
2.195832696921480397e+19
2.193576148090659226e+19
2.191322168459887821e+19
2.189070980221224960e+19
2.186822385311427789e+19
2.184576517085785702e+19
2.182333296261586534e+19
2.180092506300089139e+19
2.177854355425720730e+19
2.175618700580741120e+19
2.173385652690033459e+19
2.171155359201590067e+19
2.168927649518302413e+19
2.166702621467574272e+19
2.164480118542778778e+19
2.162260116269315686e+19
2.160042646892119654e+19
2.157827684472129946e+19
2.155615422780739584e+19
2.153405744322870886e+19
2.151198729985755546e+19
2.148994329203839386e+19
2.146792306255469363e+19
2.144592880033479885e+19
2.142395897097430630e+19
2.140201449674280550e+19
2.138009724659827098e+19
2.135820519353473024e+19
2.133633952260268442e+19
2.131449892086951526e+19
2.129268250381509018e+19
2.127089121857363558e+19
2.124912441113343181e+19
2.122738374803391283e+19
2.120566888631931699e+19
2.118397985645103514e+19
2.116231660013645005e+19
2.114067687093603533e+19
2.111906254176787251e+19
2.109747214587553792e+19
2.107590644259781018e+19
2.105436757306468762e+19
2.103285332912877158e+19
2.101136502572586189e+19
2.098990157511292109e+19
2.096846157978576486e+19
2.094704646667671142e+19
2.092565526922588160e+19
2.090428940902828851e+19
2.088294926822703923e+19
2.086163416962831974e+19
2.084034447247627469e+19
2.081907821176238080e+19
2.079783655075575808e+19
2.077661844979514163e+19
2.075542445188243046e+19
2.073425678422955622e+19
2.071311326043859354e+19
2.069199522865858970e+19
2.067090180041178317e+19
2.064983118699179213e+19
2.062878515601129062e+19
2.060776250717475226e+19
2.058676444239788442e+19
2.056579193936232858e+19
2.054484376166997606e+19
2.052392060457596518e+19
2.050302078862793114e+19
2.048214467823985869e+19
2.046129198266054656e+19
2.044046282736695706e+19
2.041965925669313741e+19
2.039887951718539264e+19
2.037812480413449011e+19
2.035739441396373504e+19
2.033668628369637786e+19
2.031600238809409126e+19
2.029534136878121779e+19
2.027470423232374784e+19
2.025409242748554445e+19
2.023350430120025293e+19
2.021294080642953216e+19
2.019240052208589619e+19
2.017188310801701274e+19
2.015138897838131610e+19
2.013091782126369997e+19
2.011047140489442509e+19
2.009004875388844032e+19
2.006965054662831309e+19
2.004927635160307302e+19
2.002892394380102861e+19
2.000859537701048320e+19
1.998828920737444250e+19
1.996800626953204941e+19
1.994774836381548954e+19
1.992751355729953997e+19
1.990730298546717901e+19
1.988711545941398733e+19
1.986695005813403238e+19
1.984680775924011827e+19
1.982668789350443827e+19
1.980659197854631117e+19
1.978651982169204326e+19
1.976647132702242406e+19
1.974644651404829901e+19
1.972644331164928819e+19
1.970646340428728320e+19
1.968650544075281203e+19
1.966657010630205030e+19
1.964665943810713190e+19
1.962677135464939930e+19
1.960690710176831078e+19
1.958706569753890816e+19
1.956724575899949056e+19
1.954744869130992845e+19
1.952767354487492198e+19
1.950792161126945997e+19
1.948819335795523174e+19
1.946848804829317530e+19
1.944880608107893146e+19
1.942914566977046118e+19
1.940950777478124749e+19
1.938989150713923174e+19
1.937029735477316403e+19
1.935072735474024858e+19
1.933117952968708096e+19
1.931165512428237210e+19
1.929215333932490752e+19
1.927267244413104947e+19
1.925321414087404339e+19
1.923377727350084403e+19
1.921436293121048986e+19
1.919497212017104486e+19
1.917560360219346534e+19
1.915625807891126272e+19
1.913693402704977101e+19
1.911763165248819200e+19
1.909835082212573594e+19
1.907909156855822746e+19
1.905985575532521882e+19
1.904064188774499123e+19
1.902145098803311821e+19
1.900228245084424192e+19
1.898313430748900147e+19
1.896400843182500659e+19
1.894490353231122432e+19
1.892582051856830874e+19
1.890676081879253402e+19
1.888772282690836070e+19
1.886870747393989837e+19
1.884971347445455258e+19
1.883074039395648717e+19
1.881178873658541670e+19
1.879285813831664845e+19
1.877395020763038106e+19
1.875506418123715789e+19
1.873620055228341862e+19
1.871735899895305421e+19
1.869853746176743424e+19
1.867973780401933926e+19
1.866095868745603072e+19
1.864220086407301530e+19
1.862346607201795686e+19
1.860475246566019072e+19
1.858606113487235891e+19
1.856739100757671526e+19
1.854874112488673690e+19
1.853011249552758784e+19
1.851150443391249613e+19
1.849291831733511373e+19
1.847435409896273920e+19
1.845581155963803648e+19
1.843729079474919424e+19
1.841878991844595712e+19
1.840031037256595046e+19
1.838185097765600666e+19
1.836341232839566950e+19
1.834499636526338048e+19
1.832660112624160563e+19
1.830822779232308019e+19
1.828987548120691507e+19
1.827154282111648768e+19
1.825323119787486822e+19
1.823493967647373517e+19
1.821666942603093197e+19
1.819842099779214336e+19
1.818019359606211789e+19
1.816198765886315725e+19
1.814380156731144806e+19
1.812563606736092160e+19
1.810749047446204621e+19
1.808936516306607104e+19
1.807126201154183373e+19
1.805317924145380352e+19
1.803511799931125350e+19
1.801707756989329613e+19
1.799905627568969523e+19
1.798105575713999872e+19
1.796307489912832410e+19
1.794511468477126861e+19
1.792717614957970022e+19
1.790925805179376230e+19
1.789136110038310912e+19
1.787348391875387802e+19
1.785562656062562509e+19
1.783778904340373504e+19
1.781997131061959270e+19
1.780217505584083354e+19
1.778439903042968166e+19
1.776664409264208691e+19
1.774890972938217472e+19
1.773119406035400499e+19
1.771349886298180608e+19
1.769582290861799014e+19
1.767816701574165709e+19
1.766053259473838080e+19
1.764291808313039667e+19
1.762532439194141696e+19
1.760775036309041971e+19
1.759019547111696179e+19
1.757266030600509850e+19
1.755514445352691098e+19
1.753764937203295642e+19
1.752017450401771315e+19
1.750272015515013939e+19
1.748528611585062093e+19
1.746787048791768883e+19
1.745047494361931366e+19
1.743309824776884838e+19
1.741574107478540083e+19
1.739840510482319565e+19
1.738108857506772173e+19
1.736379253240971264e+19
1.734651601437579674e+19
1.732925802507080090e+19
1.731201960264867840e+19
1.729480004547899597e+19
1.727760059905350861e+19
1.726042135574340198e+19
1.724326197878525952e+19
1.722612263612711526e+19
1.720900162028125389e+19
1.719190012908391629e+19
1.717481715879873536e+19
1.715775321476468941e+19
1.714071014594869658e+19
1.712368610477157171e+19
1.710668221042549555e+19
1.708969767398480282e+19
1.707273113368872550e+19
1.705578395626633830e+19
1.703885522032442982e+19
1.702194598005168742e+19
1.700505686676417126e+19
1.698818702852043366e+19
1.697133694088419123e+19
1.695450514200855347e+19
1.693769216870451200e+19
1.692089754744212070e+19
1.690412152711503258e+19
1.688736584302137958e+19
1.687062890586338918e+19
1.685391176873112166e+19
1.683721379500600525e+19
1.682053335758408499e+19
1.680387203683911066e+19
1.678722875662245274e+19
1.677060440059693261e+19
1.675400003234141798e+19
1.673741440706333901e+19
1.672084824071534797e+19
1.670430029401639731e+19
1.668777047682637619e+19
1.667125894787274752e+19
1.665476556668015411e+19
1.663829186745378202e+19
1.662183683349995110e+19
1.660540116930577408e+19
1.658898444742716826e+19
1.657258487201812685e+19
1.655620412668610560e+19
1.653984104298382950e+19
1.652349635407043584e+19
1.650717145322345472e+19
1.649086482035217203e+19
1.647457734717353165e+19
1.645830799473334477e+19
1.644205615191960371e+19
1.642582248840646451e+19
1.640960654291524608e+19
1.639340963312472064e+19
1.637723139548065997e+19
1.636107195927239475e+19
1.634493122074425958e+19
1.632880743290888397e+19
1.631270208652470477e+19
1.629661404418180506e+19
1.628054390782543053e+19
1.626449330185768550e+19
1.624846054381785907e+19
1.623244663908373709e+19
1.621645072759962010e+19
1.620047177924747059e+19
1.618451085796496589e+19
1.616856724762500915e+19
1.615264207032246682e+19
1.613673554919113933e+19
1.612084723756095693e+19
1.610497737146784563e+19
1.608912441009882522e+19
1.607328932228347699e+19
1.605747126801458790e+19
1.604167067446011904e+19
1.602588928935228006e+19
1.601012538939449139e+19
1.599438002960267059e+19
1.597865250817719910e+19
1.596294147406972928e+19
1.594724827328340378e+19
1.593157199826737562e+19
1.591591359572783104e+19
1.590027377152355738e+19
1.588465162231100621e+19
1.586904765836779110e+19
1.585346056449885594e+19
1.583789068164066918e+19
1.582233773290276659e+19
1.580680184986648986e+19
1.579128463317004083e+19
1.577578467326086554e+19
1.576030293400835482e+19
1.574483885198850048e+19
1.572939084952811110e+19
1.571396044684435866e+19
1.569854660593528627e+19
1.568315011758869504e+19
1.566777207038204314e+19
1.565241121899599053e+19
1.563706828490103398e+19
1.562174215693913907e+19
1.560643261097096602e+19
1.559113993620348109e+19
1.557586391421898957e+19
1.556060593021515366e+19
1.554536518429572506e+19
1.553014223820232294e+19
1.551493674306679603e+19
1.549974698524238029e+19
1.548457455552129024e+19
1.546941834404684800e+19
1.545427900445549158e+19
1.543915791187196928e+19
1.542405358925256090e+19
1.540896690863593677e+19
1.539389694209742029e+19
1.537884299977875251e+19
1.536380582322566554e+19
1.534878490828750234e+19
1.533378144122542899e+19
1.531879523921000653e+19
1.530382626790867354e+19
1.528887452205614490e+19
1.527393839660086067e+19
1.525901920991517696e+19
1.524411591772761498e+19
1.522922905460802560e+19
1.521436018977340006e+19
1.519950772039889306e+19
1.518467261081591398e+19
1.516985409628324864e+19
1.515505111684208845e+19
1.514026475692968141e+19
1.512549428849717043e+19
1.511074071848838349e+19
1.509600439090288026e+19
1.508128475855268864e+19
1.506658212014724096e+19
1.505189509020140339e+19
1.503722442436796006e+19
1.502256943386856858e+19
1.500793049594861158e+19
1.499330919568799744e+19
1.497870399562554573e+19
1.496411586659455590e+19
1.494954418771832832e+19
1.493498762093158810e+19
1.492044748829532979e+19
1.490592289734041190e+19
1.489141469461661491e+19
1.487692365350985318e+19
1.486244882580430848e+19
1.484799075271805952e+19
1.483354825559895450e+19
1.481912149393773568e+19
1.480471037184439706e+19
1.479031491258299802e+19
1.477593656385722982e+19
1.476157416484350771e+19
1.474722851592688845e+19
1.473289914747215872e+19
1.471858453178814464e+19
1.470428612734314291e+19
1.469000293444123853e+19
1.467573565748621722e+19
1.466148540549244518e+19
1.464725093677052314e+19
1.463303297591117619e+19
1.461883053090810061e+19
1.460464325472207667e+19
1.459047155487690342e+19
1.457631514187688755e+19
1.456217526197886362e+19
1.454805133367832986e+19
1.453394373510170214e+19
1.451985222149407130e+19
1.450577520173935002e+19
1.449171411479340851e+19
1.447766792825624371e+19
1.446363722197856051e+19
1.444962335041713766e+19
1.443562488182152192e+19
1.442164266727777485e+19
1.440767588196112589e+19
1.439372376546172723e+19
1.437978712202844160e+19
1.436586540964931584e+19
1.435195969218459238e+19
1.433806995323340800e+19
1.432419600890028646e+19
1.431033794435611238e+19
1.429649430966578176e+19
1.428266619434896179e+19
1.426885270839845069e+19
1.425505430234411827e+19
1.424127248936116634e+19
1.422750574703684403e+19
1.421375499826454323e+19
1.420001956663770112e+19
1.418629836805219942e+19
1.417259250081083392e+19
1.415890122836417741e+19
1.414522545055826944e+19
1.413156562121354240e+19
1.411792110336638771e+19
1.410429225223115571e+19
1.409067782667506688e+19
1.407707836196432077e+19
1.406349337856843366e+19
1.404992313723675443e+19
1.403636909392371507e+19
1.402282988725599437e+19
1.400930640730408550e+19
1.399579810799625626e+19
1.398230366783311258e+19
1.396882438039565107e+19
1.395535937038010573e+19
1.394190939135249613e+19
1.392847527601190298e+19
1.391505603917429555e+19
1.390165224845422387e+19
1.388826285194141082e+19
1.387488784297345434e+19
1.386152729007974195e+19
1.384818111776125542e+19
1.383485062779104870e+19
1.382153489972074906e+19
1.380823457349611110e+19
1.379494926799497011e+19
1.378167750734697677e+19
1.376842068541224960e+19
1.375517784178717286e+19
1.374194960086290227e+19
1.372873708630653952e+19
1.371553906558075290e+19
1.370235626322805965e+19
1.368918779767374234e+19
1.367603321103364710e+19
1.366289301596477645e+19
1.364976685937588019e+19
1.363665585833499648e+19
1.362355964207940403e+19
1.361047839086504960e+19
1.359741197759295078e+19
1.358435894067252634e+19
1.357132055031939277e+19
1.355829585681630822e+19
1.354528537187426918e+19
1.353229042554526310e+19
1.351930963494698803e+19
1.350634382818268160e+19
1.349339227579847885e+19
1.348045415604878131e+19
1.346753032564704461e+19
1.345462021039031501e+19
1.344172476049024000e+19
1.342884411089146061e+19
1.341597794318117478e+19
1.340312642436702208e+19
1.339028825604401971e+19
1.337746429433796403e+19
1.336465381280892928e+19
1.335185717866610278e+19
1.333907584698900890e+19
1.332630837781846221e+19
1.331355565149177856e+19
1.330081707311340954e+19
1.328809154119095706e+19
1.327538016016767181e+19
1.326268218909958758e+19
1.324999842856848794e+19
1.323732943029262336e+19
1.322467447933206118e+19
1.321203398064932045e+19
1.319940682688263782e+19
1.318679334521771008e+19
1.317419326573361152e+19
1.316160672353501184e+19
1.314903505930054861e+19
1.313647707854897152e+19
1.312393359353263718e+19
1.311140412698448077e+19
1.309888737863208960e+19
1.308638460795317862e+19
1.307389495958749594e+19
1.306141910110960435e+19
1.304895791537463501e+19
1.303651038923224678e+19
1.302407711153440973e+19
1.301165714764395110e+19
1.299925034064428442e+19
1.298685690623717990e+19
1.297447668010849894e+19
1.296211082854690202e+19
1.294975865145678029e+19
1.293742064307727360e+19
1.292509650157265306e+19
1.291278480580474675e+19
1.290048688111158272e+19
1.288820180805751603e+19
1.287593013724640051e+19
1.286367300023076864e+19
1.285142918025793331e+19
1.283919939802717389e+19
1.282698287395178496e+19
1.281477905206614221e+19
1.280258853621814886e+19
1.279041091766270976e+19
1.277824719369607373e+19
1.276609718522791936e+19
1.275396089400290099e+19
1.274183829955425485e+19
1.272972806218093978e+19
1.271763129224566374e+19
1.270554711968007578e+19
1.269347599358492262e+19
1.268141921487100518e+19
1.266937545419565261e+19
1.265734551402524672e+19
1.264532875277485056e+19
1.263332429736455782e+19
1.262133304591049933e+19
1.260935439819756134e+19
1.259738919925552128e+19
1.258543771975046554e+19
1.257349952250929766e+19
1.256157484738528461e+19
1.254966253619545907e+19
1.253776323177090662e+19
1.252587635594374554e+19
1.251400222368362086e+19
1.250214216263962010e+19
1.249029488469246771e+19
1.247846120380223488e+19
1.246664059994385818e+19
1.245483196183277978e+19
1.244303639146617856e+19
1.243125314815381299e+19
1.241948294080538010e+19
1.240772640647162266e+19
1.239598276483201638e+19
1.238425246339819110e+19
1.237253451840873472e+19
1.236082906864282624e+19
1.234913603249886208e+19
1.233745543180957491e+19
1.232578847791043584e+19
1.231413419519638118e+19
1.230249325998035558e+19
1.229086527815727718e+19
1.227924897621317222e+19
1.226764557302475776e+19
1.225605423651480371e+19
1.224447555505657856e+19
1.223291045178529382e+19
1.222135789543971226e+19
1.220981849047242752e+19
1.219829141040114278e+19
1.218677636433755546e+19
1.217527369748262298e+19
1.216378316690587853e+19
1.215230581345414144e+19
1.214084115220589158e+19
1.212938950198178406e+19
1.211795065797752627e+19
1.210652329521127424e+19
1.209510861325931520e+19
1.208370575338369229e+19
1.207231519845863629e+19
1.206093808038279987e+19
1.204957320570487808e+19
1.203822128698703872e+19
1.202688163848327578e+19
1.201555361940362240e+19
1.200423791031448986e+19
1.199293405508017971e+19
1.198164294029215744e+19
1.197036455926750413e+19
1.195909875494717645e+19
1.194784560228612915e+19
1.193660389700656947e+19
1.192537453638771302e+19
1.191415678902535987e+19
1.190295102627120742e+19
1.189175851435575910e+19
1.188057798303693619e+19
1.186941020598418432e+19
1.185825462222697267e+19
1.184711031793277133e+19
1.183597822095112397e+19
1.182485771161035981e+19
1.181374953792364544e+19
1.180265409032503296e+19
1.179157082911118131e+19
1.178050005773125018e+19
1.176944074740126515e+19
1.175839332432055706e+19
1.174735741336224973e+19
1.173633321785660621e+19
1.172532195275190682e+19
1.171432249046745907e+19
1.170333557478407987e+19
1.169236075411069747e+19
1.168139691561123430e+19
1.167044514959074714e+19
1.165950472067843891e+19
1.164857625344614810e+19
1.163766045727337472e+19
1.162675649962436608e+19
1.161586486304550502e+19
1.160498467762623488e+19
1.159411591346721792e+19
1.158325865591395328e+19
1.157241282593893171e+19
1.156157950423518618e+19
1.155075794667683021e+19
1.153994867504072294e+19
1.152915137960515584e+19
1.151836481983353446e+19
1.150759016681616589e+19
1.149682661554253210e+19
1.148607468175565005e+19
1.147533531847099392e+19
1.146460748681137357e+19
1.145389180083582566e+19
1.144318753346166374e+19
1.143249427630424883e+19
1.142181248617034547e+19
1.141114185184030106e+19
1.140048329834974618e+19
1.138983654843613594e+19
1.137920172322878054e+19
1.136857873518608794e+19
1.135796637024602317e+19
1.134736567416702976e+19
1.133677585913733939e+19
1.132619734617442304e+19
1.131563125939680256e+19
1.130507643685560934e+19
1.129453357829619098e+19
1.128400208397624525e+19
1.127348124184692326e+19
1.126297179438868480e+19
1.125247324654111744e+19
1.124198638289794048e+19
1.123151134990758912e+19
1.122104785155160474e+19
1.121059604692700365e+19
1.120015486641935360e+19
1.118972498513131315e+19
1.117930582509324083e+19
1.116889768132015309e+19
1.115850177372433203e+19
1.114811690290049024e+19
1.113774380833628160e+19
1.112738200268401869e+19
1.111703054234193510e+19
1.110669037280471245e+19
1.109636086176210125e+19
1.108604266806304973e+19
1.107573628580788429e+19
1.106544108926091264e+19
1.105515743607310336e+19
1.104488441652490035e+19
1.103462225487076966e+19
1.102437077916439142e+19
1.101413007052215501e+19
1.100390124480387686e+19
1.099368332655811379e+19
1.098347699111695974e+19
1.097328184910734746e+19
1.096309679485631898e+19
1.095292289724862054e+19
1.094275943160692531e+19
1.093260694522912973e+19
1.092246620655739290e+19
1.091233634437890662e+19
1.090221786855524147e+19
1.089211001370417357e+19
1.088201260086516941e+19
1.087192586105698918e+19
1.086184962673681818e+19
1.085178485810981888e+19
1.084173101981601792e+19
1.083168849598320435e+19
1.082165705052588032e+19
1.081163548326269542e+19
1.080162490915673088e+19
1.079162455459994214e+19
1.078163486904398438e+19
1.077165682463025562e+19
1.076168938581356339e+19
1.075173317001248563e+19
1.074178754115963290e+19
1.073185198987991245e+19
1.072192706664819917e+19
1.071201240230713344e+19
1.070210881529535693e+19
1.069221621351243162e+19
1.068233454378548224e+19
1.067246382257263821e+19
1.066260294365055795e+19
1.065275279796985242e+19
1.064291267611000013e+19
1.063308293986761728e+19
1.062326469702899507e+19
1.061345682585830810e+19
1.060366000831708365e+19
1.059387372314973798e+19
1.058409720076378112e+19
1.057433123058712371e+19
1.056457528720141312e+19
1.055483006154358170e+19
1.054509583406250598e+19
1.053537218958077338e+19
1.052565936008903066e+19
1.051595639976418099e+19
1.050626377798365798e+19
1.049658107115156480e+19
1.048690851528518451e+19
1.047724720813543014e+19
1.046759610306735104e+19
1.045795587647451136e+19
1.044832610791440998e+19
1.043870583524756275e+19
1.042909600926915379e+19
1.041949599201221427e+19
1.040990636069361459e+19
1.040032769698376294e+19
1.039075930570490470e+19
1.038120158926927667e+19
1.037165374717464781e+19
1.036211582438257869e+19
1.035258782755484467e+19
1.034306972989012173e+19
1.033356252339388621e+19
1.032406546549835981e+19
1.031457907589030298e+19
1.030510305096672256e+19
1.029563630125913702e+19
1.028617986417552179e+19
1.027673303131994317e+19
1.026729627950151270e+19
1.025787042284669747e+19
1.024845456520764416e+19
1.023904923593084314e+19
1.022965376526849638e+19
1.022026784456786944e+19
1.021089182949665178e+19
1.020152547618680013e+19
1.019216963404025037e+19
1.018282398009942630e+19
1.017348869999527117e+19
1.016416367089115750e+19
1.015484779659582464e+19
1.014554204556944589e+19
1.013624570741249229e+19
1.012695917138268979e+19
1.011768341778380186e+19
1.010841742564231373e+19
1.009916180932738662e+19
1.008991601577728819e+19
1.008067945102603674e+19
1.007145274138337280e+19
1.006223547004225946e+19
1.005302835764159693e+19
1.004383147518254285e+19
1.003464461822095360e+19
1.002546789415909786e+19
1.001630032480706355e+19
1.000714257654095258e+19
9.997994094353014784e+18
9.988855160501983232e+18
9.979726857603328000e+18
9.970608113202167808e+18
9.961499586307926016e+18
9.952400826960291840e+18
9.943311021753456640e+18
9.934230992078837760e+18
9.925160190741512192e+18
9.916099222994157568e+18
9.907048484429803520e+18
9.898007460317736960e+18
9.888976444408928256e+18
9.879954604343803904e+18
9.870942201480706048e+18
9.861939022388566016e+18
9.852945176704165888e+18
9.843961672242630656e+18
9.834987607195731968e+18
9.826023595814494208e+18
9.817069278125029376e+18
9.808123684798478336e+18
9.799187759468918784e+18
9.790260865574297600e+18
9.781343505907359744e+18
9.772436333746976768e+18
9.763538601007677440e+18
9.754650745458649088e+18
9.745772066450892800e+18
9.736902451781208064e+18
9.728042062690920448e+18
9.719190778424995840e+18
9.710349476377323520e+18
9.701517624853133312e+18
9.692695603710253056e+18
9.683883184477814784e+18
9.675079303133057024e+18
9.666284955355228160e+18
9.657499454750484480e+18
9.648723214140284928e+18
9.639957079972038656e+18
9.631200144964569088e+18
9.622452950088984576e+18
9.613714912764655616e+18
9.604985613653628928e+18
9.596265512423133184e+18
9.587554300842260480e+18
9.578852726729082880e+18
9.570160657919787008e+18
9.561478097931304960e+18
9.552805032150460416e+18
9.544140459847149568e+18
9.535485210671020032e+18
9.526838636637165568e+18
9.518201072659191808e+18
9.509573496154462208e+18
9.500954912114106368e+18
9.492345925364594688e+18
9.483746058215270400e+18
9.475154648288294912e+18
9.466572380123944960e+18
9.457998799417022464e+18
9.449434537389449216e+18
9.440879806624542720e+18
9.432334273954342912e+18
9.423798124946452480e+18
9.415270498680250368e+18
9.406751861011468288e+18
9.398241793309659136e+18
9.389740527922995200e+18
9.381249057147715584e+18
9.372766423246706688e+18
9.364293238267475968e+18
9.355829116681443328e+18
9.347373214901403648e+18
9.338926371403163648e+18
9.330488025738596352e+18
9.322058705080793088e+18
9.313638901692035072e+18
9.305228020573646848e+18
9.296826406288449536e+18
9.288433330146469888e+18
9.280048870249791488e+18
9.271672996409919488e+18
9.263305707542788096e+18
9.254947906020372480e+18
9.246598885936261120e+18
9.238259141635848192e+18
9.229928386949949440e+18
9.221605656714033152e+18
9.213291874941057024e+18
9.204986413543950336e+18
9.196689707774149632e+18
9.188402466799141888e+18
9.180123905979968512e+18
9.171854489143879680e+18
9.163593606606543872e+18
9.155341010514793472e+18
9.147096993305247744e+18
9.138861353843787776e+18
9.130634864518867968e+18
9.122417197935099904e+18
9.114208560401550336e+18
9.106008819073323008e+18
9.097816987228743680e+18
9.089633948784796672e+18
9.081459065033741312e+18
9.073292691024284672e+18
9.065135692282882048e+18
9.056987164134951936e+18
9.048847651353803776e+18
9.040716650480483328e+18
9.032593650044569600e+18
9.024479193540517888e+18
9.016372920050166784e+18
9.008275484569074688e+18
9.000186921662260224e+18
8.992107078119176192e+18
8.984036033188153344e+18
8.975972900676354048e+18
8.967918306935600128e+18
8.959871737478581248e+18
8.951833454594452480e+18
8.943804421784902656e+18
8.935783681434438656e+18
8.927771822315237376e+18
8.919768434845483008e+18
8.911772804100275200e+18
8.903785655577605120e+18
8.895806507429064704e+18
8.887835909432996864e+18
8.879874194859850752e+18
8.871920923780787200e+18
8.863976347482660864e+18
8.856039712130975744e+18
8.848111278505280512e+18
8.840190830108871680e+18
8.832278481077021696e+18
8.824375139178684416e+18
8.816479983653990400e+18
8.808593569945248768e+18
8.800715570419189760e+18
8.792845124746735616e+18
8.784983073815479296e+18
8.777128852329151488e+18
8.769282916621317120e+18
8.761445837616211968e+18
8.753616958909513728e+18
8.745796665169348608e+18
8.737984322102491136e+18
8.730179848459758592e+18
8.722383371282116608e+18
8.714594793877586944e+18
8.706814910553005056e+18
8.699043223170736128e+18
8.691280087920972800e+18
8.683525292818435072e+18
8.675777888128740352e+18
8.668038765884808192e+18
8.660307313493314560e+18
8.652583905223572480e+18
8.644869290741580800e+18
8.637162664926117888e+18
8.629464508526392320e+18
8.621774294399787008e+18
8.614091659874345984e+18
8.606417005921306624e+18
8.598750064167864320e+18
8.591091511104512000e+18
8.583441209805186048e+18
8.575799183189002240e+18
8.568165407172412416e+18
8.560538982015860736e+18
8.552920660210768896e+18
8.545309859639151616e+18
8.537706883505707008e+18
8.530112603383849984e+18
8.522526130782102528e+18
8.514948006548318208e+18
8.507377798714145792e+18
8.499814921701361664e+18
8.492259983218507776e+18
8.484712581001921536e+18
8.477173285537540096e+18
8.469642274915067904e+18
8.462119263738517504e+18
8.454604411233519616e+18
8.447096941316462592e+18
8.439597283838438400e+18
8.432105057301632000e+18
8.424620471335365632e+18
8.417144420905814016e+18
8.409676040853871616e+18
8.402215882857318400e+18
8.394763598548220928e+18
8.387318435929043968e+18
8.379881144597722112e+18
8.372451224872311808e+18
8.365029152658949120e+18
8.357615361709299712e+18
8.350209326632088576e+18
8.342811352364422144e+18
8.335420782537924608e+18
8.328037696241094656e+18
8.320662058931868672e+18
8.313293874762915840e+18
8.305933957299792896e+18
8.298581663091870720e+18
8.291237443869181952e+18
8.283901039399288832e+18
8.276571585781005312e+18
8.269249911931346944e+18
8.261935455943229440e+18
8.254628610191545344e+18
8.247330006791002112e+18
8.240038946288548864e+18
8.232755843038782464e+18
8.225480148378733568e+18
8.218211644707321856e+18
8.210950591246517248e+18
8.203696810232203264e+18
8.196450997326750720e+18
8.189212851842276352e+18
8.181982567208304640e+18
8.174760019893262336e+18
8.167544324163979264e+18
8.160336276004542464e+18
8.153135302531213312e+18
8.145941723270491136e+18
8.138756313397107712e+18
8.131578263012282368e+18
8.124408060860394496e+18
8.117245254371324928e+18
8.110089386148804608e+18
8.102940943822021632e+18
8.095799604451785728e+18
8.088665957253097472e+18
8.081540030380512256e+18
8.074421690366088192e+18
8.067311006634867712e+18
8.060207183717825536e+18
8.053110785221941248e+18
8.046021349827823616e+18
8.038939113181499392e+18
8.031864940153028608e+18
8.024797971763598336e+18
8.017738737349436416e+18
8.010686869206757376e+18
8.003641725088890880e+18
7.996603957928583168e+18
7.989573135087909888e+18
7.982549750418925568e+18
7.975534103235816448e+18
7.968525799597782016e+18
7.961525065332732928e+18
7.954531224535965696e+18
7.947544509284800512e+18
7.940564728859229184e+18
7.933591983916551168e+18
7.926627090063364096e+18
7.919669311164695552e+18
7.912719146963924992e+18
7.905776303772209152e+18
7.898840007543139328e+18
7.891911015598270464e+18
7.884988819848054784e+18
7.878073829504902144e+18
7.871166559333206016e+18
7.864266419051900928e+18
7.857373755590320128e+18
7.850488000970107904e+18
7.843609077634643968e+18
7.836737105677176832e+18
7.829871995121969152e+18
7.823014458468202496e+18
7.816164052736237568e+18
7.809321096351474688e+18
7.802485400418370560e+18
7.795656110301403136e+18
7.788834028922466304e+18
7.782018605793468416e+18
7.775210175859443712e+18
7.768409415542555648e+18
7.761615600127787008e+18
7.754829163561016320e+18
7.748049634533168128e+18
7.741276681152379904e+18
7.734510670776519680e+18
7.727751358507305984e+18
7.720999350264569856e+18
7.714254530644449280e+18
7.707516913826065408e+18
7.700786482534283264e+18
7.694062430434148352e+18
7.687345429573146624e+18
7.680634958875208704e+18
7.673931289048941568e+18
7.667235206244055040e+18
7.660545911055514624e+18
7.653863891542699008e+18
7.647188762178964480e+18
7.640519990163202048e+18
7.633858128733996032e+18
7.627202812565653504e+18
7.620554551750302720e+18
7.613913515244344320e+18
7.607279439064892416e+18
7.600652471529561088e+18
7.594031919713274880e+18
7.587418158543473664e+18
7.580810853689167872e+18
7.574210191500039168e+18
7.567616973112134656e+18
7.561030426694008832e+18
7.554451047790192640e+18
7.547878526129433600e+18
7.541312179607703552e+18
7.534752688063721472e+18
7.528199599058712576e+18
7.521653337262150656e+18
7.515114301844810752e+18
7.508582013020538880e+18
7.502056750375581696e+18
7.495537928832031744e+18
7.489025604828156928e+18
7.482519763445031936e+18
7.476020398973677568e+18
7.469528238429901824e+18
7.463042718541950976e+18
7.456564236540180480e+18
7.450092563914059776e+18
7.443626919094840320e+18
7.437168051284393984e+18
7.430715453097946112e+18
7.424269473850378240e+18
7.417830690622051328e+18
7.411398468043753472e+18
7.404973183814992896e+18
7.398554349794962432e+18
7.392141755696755712e+18
7.385735650144572416e+18
7.379335864166493184e+18
7.372943018346755072e+18
7.366556860970346496e+18
7.360177548244461568e+18
7.353804979956213760e+18
7.347438363162502144e+18
7.341078405193703424e+18
7.334724593432633344e+18
7.328377211579973632e+18
7.322036964109661184e+18
7.315703118212135936e+18
7.309376117680336896e+18
7.303055560755487744e+18
7.296741022358228992e+18
7.290432954964655104e+18
7.284131059870242816e+18
7.277835861654236160e+18
7.271547404063329280e+18
7.265265550006520832e+18
7.258990372679435264e+18
7.252721164606846976e+18
7.246458411345342464e+18
7.240201712940234752e+18
7.233951274033840128e+18
7.227707877715613696e+18
7.221470749860168704e+18
7.215240369437321216e+18
7.209016410860401664e+18
7.202798284442225664e+18
7.196586588840504320e+18
7.190380928014226432e+18
7.184181740631615488e+18
7.177989313290948608e+18
7.171803276217280512e+18
7.165623842651524096e+18
7.159450412617321472e+18
7.153283169712204800e+18
7.147121969314611200e+18
7.140966885916260352e+18
7.134818650436648960e+18
7.128676612306414592e+18
7.122541218924999680e+18
7.116412211003362304e+18
7.110288882732306432e+18
7.104171923244794880e+18
7.098060870457279488e+18
7.091956086897458176e+18
7.085858051173059584e+18
7.079766219385490432e+18
7.073680912580388864e+18
7.067601627708571648e+18
7.061528271218428928e+18
7.055460975947827200e+18
7.049399646072094720e+18
7.043344914807707648e+18
7.037296408773276672e+18
7.031254399288196096e+18
7.025218724770446336e+18
7.019188610123724800e+18
7.013164781158290432e+18
7.007146739971026944e+18
7.001134782405009408e+18
6.995129529953457152e+18
6.989130321158615040e+18
6.983137553721251840e+18
6.977150811288116224e+18
6.971169773624867840e+18
6.965194793001273344e+18
6.959225635859200000e+18
6.953262839491812352e+18
6.947306328414986240e+18
6.941356088098305024e+18
6.935412119631180800e+18
6.929473703394240512e+18
6.923541428227923968e+18
6.917614831410305024e+18
6.911694150624532480e+18
6.905780102794954752e+18
6.899871963529957376e+18
6.893970177096043520e+18
6.888074403935626240e+18
6.882184145919052800e+18
6.876299918661939200e+18
6.870421382366327808e+18
6.864548988192259072e+18
6.858682914199189504e+18
6.852822898658032640e+18
6.846969090206683136e+18
6.841120876135752704e+18
6.835278559783282688e+18
6.829441873066600448e+18
6.823610966202209280e+18
6.817786555156963328e+18
6.811967960228084736e+18
6.806155624894815232e+18
6.800349276816776192e+18
6.794548287124295680e+18
6.788753280579955712e+18
6.782963841580830720e+18
6.777180344633556992e+18
6.771403171935120384e+18
6.765631871486418944e+18
6.759866708132210688e+18
6.754107165831110656e+18
6.748353262143166464e+18
6.742605018200443904e+18
6.736862408025064448e+18
6.731126075462081536e+18
6.725395548284371968e+18
6.719671162055016448e+18
6.713952723274603520e+18
6.708239517902360576e+18
6.702532227483144192e+18
6.696830390014894080e+18
6.691134312528549888e+18
6.685444533602733056e+18
6.679760465979821056e+18
6.674082460417950720e+18
6.668410087628175360e+18
6.662743128421185536e+18
6.657081836749062144e+18
6.651426042093487104e+18
6.645776292690547712e+18
6.640132400431265792e+18
6.634494468015080448e+18
6.628862427928980480e+18
6.623235572329965568e+18
6.617614520965136384e+18
6.611998816505064448e+18
6.606388707388960768e+18
6.600784842425016320e+18
6.595186552245485568e+18
6.589594244247070720e+18
6.584007566295129088e+18
6.578426109867041792e+18
6.572850307205257216e+18
6.567279873858830336e+18
6.561715271948706816e+18
6.556156575824695296e+18
6.550603628638129152e+18
6.545056516762740736e+18
6.539514616868862976e+18
6.533978327442913280e+18
6.528447314180972544e+18
6.522921748504856576e+18
6.517402344859027456e+18
6.511888403103480832e+18
6.506380358988760064e+18
6.500877928245072896e+18
6.495380558864678912e+18
6.489888808663971840e+18
6.484402308850186240e+18
6.478921444624960512e+18
6.473446504798998528e+18
6.467977128302485504e+18
6.462513524936570880e+18
6.457055167557299200e+18
6.451602178644703232e+18
6.446154472599753728e+18
6.440712089592872960e+18
6.435275682139005952e+18
6.429844686253675520e+18
6.424419498376056832e+18
6.418999893725053952e+18
6.413585221131746304e+18
6.408176113032731648e+18
6.402772144895624192e+18
6.397373633908690944e+18
6.391981036930297856e+18
6.386593842155097088e+18
6.381212353359080448e+18
6.375836129975971840e+18
6.370465049336369152e+18
6.365099270042577920e+18
6.359738682008980480e+18
6.354383842664354816e+18
6.349034458333687808e+18
6.343690742844860416e+18
6.338352563954489344e+18
6.333019228079789056e+18
6.327691377402614784e+18
6.322368564503733248e+18
6.317051047181950976e+18
6.311739405470582784e+18
6.306433028524512256e+18
6.301132285620732928e+18
6.295836813467018240e+18
6.290546290316318720e+18
6.285261065969616896e+18
6.279980909824727040e+18
6.274706293429192704e+18
6.269437192861274112e+18
6.264173552030442496e+18
6.258915397854126080e+18
6.253662098428861440e+18
6.248414136576068608e+18
6.243171127401778176e+18
6.237933268567568384e+18
6.232701219906519040e+18
6.227474321489811456e+18
6.222252980573047808e+18
6.217036902130491392e+18
6.211825609903218688e+18
6.206619593630258176e+18
6.201418530955535360e+18
6.196222816464307200e+18
6.191032649369250816e+18
6.185847757418244096e+18
6.180668297094905856e+18
6.175493732000149504e+18
6.170324282933176320e+18
6.165159763227185152e+18
6.160000275209828352e+18
6.154846458671150080e+18
6.149697723602226176e+18
6.144554465060261888e+18
6.139416447566401536e+18
6.134283083451200512e+18
6.129154952824945664e+18
6.124031669390622720e+18
6.118913559411876864e+18
6.113801000138638336e+18
6.108693555145545728e+18
6.103591481854811136e+18
6.098494330063004672e+18
6.093402068540876800e+18
6.088314764369038336e+18
6.083232364899990528e+18
6.078155435040855040e+18
6.073083598756121600e+18
6.068017126800145408e+18
6.062955861765728256e+18
6.057899146250351616e+18
6.052847602815644672e+18
6.047800808113238016e+18
6.042759028455078912e+18
6.037722775510784000e+18
6.032691498950788096e+18
6.027665529448546304e+18
6.022644493979479040e+18
6.017628154041539584e+18
6.012616778956385280e+18
6.007610189990628352e+18
6.002608866597755904e+18
5.997612692471754752e+18
5.992621707410721792e+18
5.987635882042891264e+18
5.982654586572583936e+18
5.977678355381455872e+18
5.972706782165864448e+18
5.967740081392519168e+18
5.962778856971749376e+18
5.957822493267312640e+18
5.952871367430792192e+18
5.947925174883647488e+18
5.942983513160107008e+18
5.938046803990095872e+18
5.933114770505461760e+18
5.928187815355154432e+18
5.923266052534729728e+18
5.918349295579769856e+18
5.913437649834331136e+18
5.908530571436832768e+18
5.903628368016492544e+18
5.898730771857441792e+18
5.893837929407892480e+18
5.888950470378180608e+18
5.884067786458396672e+18
5.879190266840544256e+18
5.874317666935517184e+18
5.869449462216097792e+18
5.864586178615198720e+18
5.859727468168739840e+18
5.854873665103136768e+18
5.850025069906849792e+18
5.845181320373965824e+18
5.840342628745078784e+18
5.835508536787053568e+18
5.830679099222343680e+18
5.825854296109376512e+18
5.821034128953627648e+18
5.816219168474408960e+18
5.811408964190623744e+18
5.806603835583581184e+18
5.801803600712989696e+18
5.797007653524269056e+18
5.792216577530784768e+18
5.787429979824211968e+18
5.782648134330488832e+18
5.777871485643309056e+18
5.773099544684807168e+18
5.768332603676077056e+18
5.763570281274768384e+18
5.758812418150619136e+18
5.754059205937557504e+18
5.749310515413091328e+18
5.744566832443715584e+18
5.739827954539366400e+18
5.735094011950007296e+18
5.730364922447053824e+18
5.725640068929931264e+18
5.720920004534346752e+18
5.716204330988315648e+18
5.711493269786397696e+18
5.706787368621725696e+18
5.702086058808187904e+18
5.697389686509728768e+18
5.692697938809492480e+18
5.688010484403549184e+18
5.683327678067240960e+18
5.678649287006865408e+18
5.673975720622408704e+18
5.669307012518978560e+18
5.664643058264038400e+18
5.659983914591100928e+18
5.655329031903954944e+18
5.650678786197782528e+18
5.646032869534872576e+18
5.641391440173503488e+18
5.636755109244201984e+18
5.632123274154941440e+18
5.627496309829065728e+18
5.622873963574907904e+18
5.618255772842472448e+18
5.613642208678171648e+18
5.609032960997545984e+18
5.604428370864017408e+18
5.599828665429360640e+18
5.595233554663182336e+18
5.590643207232929792e+18
5.586057158438724608e+18
5.581475543182278656e+18
5.576898259508423680e+18
5.572325359582839808e+18
5.567757413267567616e+18
5.563193917089378304e+18
5.558635220764702720e+18
5.554081123884555264e+18
5.549531072065911808e+18
5.544985607276896256e+18
5.540444367570440192e+18
5.535907633553803264e+18
5.531375784741556224e+18
5.526848393003893760e+18
5.522325712781659136e+18
5.517807355805119488e+18
5.513293237434594304e+18
5.508783475063352320e+18
5.504277986333380608e+18
5.499777262070300672e+18
5.495281022893203456e+18
5.490789474967012352e+18
5.486302495510644736e+18
5.481819478398217216e+18
5.477340990693784576e+18
5.472866643838809088e+18
5.468396665621913600e+18
5.463931548063890432e+18
5.459470770891292672e+18
5.455014649001771008e+18
5.450562862350764032e+18
5.446115147633471488e+18
5.441671794526269440e+18
5.437232612527425536e+18
5.432798016495521792e+18
5.428367964792181760e+18
5.423942430700722176e+18
5.419521425137691648e+18
5.415104394427750400e+18
5.410691777201946624e+18
5.406283227970805760e+18
5.401878924677985280e+18
5.397479433284886528e+18
5.393084185829971968e+18
5.388693533171901440e+18
5.384307215540506624e+18
5.379924830544002048e+18
5.375546794578867200e+18
5.371172834537962496e+18
5.366803297197352960e+18
5.362438340239501312e+18
5.358077743059361792e+18
5.353721632703278080e+18
5.349369539513826304e+18
5.345021672621244416e+18
5.340677853435580416e+18
5.336338181152807936e+18
5.332003212835176448e+18
5.327672429493557248e+18
5.323346176362202112e+18
5.319024246241902592e+18
5.314706135969042432e+18
5.310392344558769152e+18
5.306082541018064896e+18
5.301777011685455872e+18
5.297476073557372928e+18
5.293179358297046016e+18
5.288887083659320320e+18
5.284598855802315776e+18
5.280314660002690048e+18
5.276034543365989376e+18
5.271758467540258816e+18
5.267486926904526848e+18
5.263219582110266368e+18
5.258956677827555328e+18
5.254698073126351872e+18
5.250443201157727232e+18
5.246192600875805696e+18
5.241945907324772352e+18
5.237703353817391104e+18
5.233465377932025856e+18
5.229231508274939904e+18
5.225002028698948608e+18
5.220776613225878528e+18
5.216555062980127744e+18
5.212337605035469824e+18
5.208124089113170944e+18
5.203914934268821504e+18
5.199710028980810752e+18
5.195509419514348544e+18
5.191313073953047552e+18
5.187120445327125504e+18
5.182932001541266432e+18
5.178747390055785472e+18
5.174566798342448128e+18
5.170390747069702144e+18
5.166218705020152832e+18
5.162050998322771968e+18
5.157887361155103744e+18
5.153727448943673344e+18
5.149571624446522368e+18
5.145419650270903296e+18
5.141271877794698240e+18
5.137128399424839680e+18
5.132989060678264832e+18
5.128853949195881472e+18
5.124722591810888704e+18
5.120595260807771136e+18
5.116471721696628736e+18
5.112352101892064256e+18
5.108236949858366464e+18
5.104125735394566144e+18
5.100018797514959872e+18
5.095915923082116096e+18
5.091816659065749504e+18
5.087721461028573184e+18
5.083630028490060800e+18
5.079542652566144000e+18
5.075459590735199232e+18
5.071380532610701312e+18
5.067305660692182016e+18
5.063234576876954624e+18
5.059167331388794880e+18
5.055103905375769600e+18
5.051044301486888960e+18
5.046989016304164864e+18
5.042937655871211520e+18
5.038890500526696448e+18
5.034847391411393536e+18
5.030807803098713088e+18
5.026772242442802176e+18
5.022740369136365568e+18
5.018712421225265152e+18
5.014688783626578944e+18
5.010669033471714304e+18
5.006653424198988800e+18
5.002641625063987200e+18
4.998633497749544960e+18
4.994629209725642752e+18
4.990628648651845632e+18
4.986632236558527488e+18
4.982639797524052992e+18
4.978651445764855808e+18
4.974667109643133952e+18
4.970686254277365760e+18
4.966709359491702784e+18
4.962736080381126656e+18
4.958766608895315968e+18
4.954801420948621312e+18
4.950840023226937344e+18
4.946882716945362944e+18
4.942929231245804544e+18
4.938979276627037184e+18
4.935033163847072768e+18
4.931090689680177152e+18
4.927152209018600448e+18
4.923217753415203840e+18
4.919287230783597568e+18
4.915360691770152960e+18
4.911437661080373248e+18
4.907518461131077632e+18
4.903602828219981824e+18
4.899690898205945856e+18
4.895783202718194688e+18
4.891879218686484480e+18
4.887979272678001664e+18
4.884083146476696576e+18
4.880190435588560896e+18
4.876301552375114752e+18
4.872416226073924608e+18
4.868534751631900672e+18
4.864657330341381120e+18
4.860783707376697344e+18
4.856914031675411456e+18
4.853047902134567936e+18
4.849185428844011520e+18
4.845326531591883776e+18
4.841471250931965952e+18
4.837620081251576832e+18
4.833772588643579904e+18
4.829929076806430720e+18
4.826089373143453696e+18
4.822252993224774656e+18
4.818420410644006912e+18
4.814591309715424256e+18
4.810765932418417664e+18
4.806944613225670656e+18
4.803126976768545792e+18
4.799313247030982656e+18
4.795503089634613248e+18
4.791696422740293632e+18
4.787893357596132352e+18
4.784093817360363520e+18
4.780298225862006784e+18
4.776506349110844416e+18
4.772718361645719552e+18
4.768934157697783808e+18
4.765153214405244928e+18
4.761376019949257728e+18
4.757602238135784448e+18
4.753832064745192448e+18
4.750065932015699968e+18
4.746303384901611520e+18
4.742544699916535808e+18
4.738789602164118528e+18
4.735037854162083840e+18
4.731289716805345280e+18
4.727545019269198848e+18
4.723804118904264704e+18
4.720066990974116864e+18
4.716333601754591232e+18
4.712603967445068800e+18
4.708877611934639104e+18
4.705154902904731648e+18
4.701435549878236160e+18
4.697719702695667712e+18
4.694007857059515392e+18
4.690299517818449920e+18
4.686594992207584256e+18
4.682894057788417024e+18
4.679196356601689088e+18
4.675502258672403456e+18
4.671811521879813120e+18
4.668124444072110080e+18
4.664441173927461888e+18
4.660761509367017472e+18
4.657085567658870784e+18
4.653412945904306176e+18
4.649743808936220672e+18
4.646078019954331648e+18
4.642415654276643840e+18
4.638757194574033920e+18
4.635102197136149504e+18
4.631450961056005120e+18
4.627803309541455872e+18
4.624158798232492032e+18
4.620517867029365760e+18
4.616880224495840256e+18
4.613246115747270656e+18
4.609615827364903424e+18
4.605989029915179008e+18
4.602365919149171200e+18
4.598746158145291776e+18
4.595129717329512960e+18
4.591516655391152640e+18
4.587906928444086272e+18
4.584300960991124992e+18
4.580698475611365888e+18
4.577099674461043200e+18
4.573504441002975232e+18
4.569912277491826688e+18
4.566323655676391424e+18
4.562738256098068480e+18
4.559156277707968512e+18
4.555578110578066432e+18
4.552003337641993216e+18
4.548432211247619072e+18
4.544864453430642688e+18
4.541299875451669504e+18
4.537738690867469312e+18
4.534180759326124032e+18
4.530626439618436608e+18
4.527075655355829248e+18
4.523528426928811520e+18
4.519984738724215808e+18
4.516444118752152064e+18
4.512906964058849792e+18
4.509372971027353600e+18
4.505842298817369600e+18
4.502315407649043456e+18
4.498791831301307392e+18
4.495271857513496064e+18
4.491755260468316672e+18
4.488241726426929664e+18
4.484731584437041152e+18
4.481224619722170880e+18
4.477721132126402048e+18
4.474221221447147008e+18
4.470724735218403840e+18
4.467231761075950080e+18
4.463741895469897728e+18
4.460255352870037504e+18
4.456771944753602048e+18
4.453291778057447936e+18
4.449815323230735872e+18
4.446342129943785472e+18
4.442872491525250048e+18
4.439406227698619904e+18
4.435942932844370944e+18
4.432483013337209344e+18
4.429026201338753024e+18
4.425572744313505792e+18
4.422122883754813952e+18
4.418676334172822016e+18
4.415233264509565440e+18
4.411793336344287744e+18
4.408356568088399872e+18
4.404922969729134592e+18
4.401492527733577728e+18
4.398065666208631808e+18
4.394642068786862592e+18
4.391221962755978240e+18
4.387805219175448064e+18
4.384391372644422144e+18
4.380980869881044992e+18
4.377573410687162880e+18
4.374169196521844736e+18
4.370768577140066816e+18
4.367371172633031680e+18
4.363977211978397184e+18
4.360586415080884736e+18
4.357198638517549056e+18
4.353814051324668928e+18
4.350432541580899840e+18
4.347054468541811712e+18
4.343679708816484864e+18
4.340308332531019776e+18
4.336940294938988544e+18
4.333575135087233024e+18
4.330213257431217152e+18
4.326854365062715904e+18
4.323498619621501952e+18
4.320146446717620736e+18
4.316797409433206784e+18
4.313451776165127168e+18
4.310109318540990464e+18
4.306769764494263296e+18
4.303433403846054400e+18
4.300100047698348544e+18
4.296769997016057856e+18
4.293443306544411136e+18
4.290119870065847296e+18
4.286799747719346176e+18
4.283482536385852416e+18
4.280168486453878784e+18
4.276857388603910656e+18
4.273549352242299392e+18
4.270244843925418496e+18
4.266943409475636224e+18
4.263645335561931264e+18
4.260350439128015360e+18
4.257058351648468480e+18
4.253769446630198272e+18
4.250483478958388736e+18
4.247200697677739008e+18
4.243921302174733824e+18
4.240645048582769152e+18
4.237372080610381824e+18
4.234102059331247616e+18
4.230835046850602496e+18
4.227571008429933056e+18
4.224309958264560640e+18
4.221052319053665792e+18
4.217797739883522560e+18
4.214546470628410880e+18
4.211298370950772736e+18
4.208053007071414784e+18
4.204810800218476544e+18
4.201571469185532416e+18
4.198335217282175488e+18
4.195102356055336448e+18
4.191872541504574464e+18
4.188645980237789184e+18
4.185422390927454720e+18
4.182201671951537664e+18
4.178983950854646272e+18
4.175769142030903296e+18
4.172557604271801344e+18
4.169349171796713984e+18
4.166143960025720832e+18
4.162941897767856640e+18
4.159742535559815168e+18
4.156546282605972992e+18
4.153352849410578944e+18
4.150162399552677888e+18
4.146975325246136320e+18
4.143791218723708416e+18
4.140610329451094016e+18
4.137432427298545152e+18
4.134257279157483008e+18
4.131085137675724288e+18
4.127915838244690944e+18
4.124749682110237184e+18
4.121586682832897536e+18
4.118426776925282304e+18
4.115269999223892992e+18
4.112115948058251776e+18
4.108964905565040640e+18
4.105816644199072256e+18
4.102671281513648640e+18
4.099529259857294848e+18
4.096390142945253376e+18
4.093254203671494144e+18
4.090121256890921472e+18
4.086990969282549760e+18
4.083863682537129472e+18
4.080739173215620096e+18
4.077617691197649920e+18
4.074499396858960384e+18
4.071384085390561280e+18
4.068271876951228928e+18
4.065162433049497088e+18
4.062055855226926080e+18
4.058952068052383744e+18
4.055851110832905728e+18
4.052753399459890176e+18
4.049658566102276096e+18
4.046566867311974400e+18
4.043478156898415616e+18
4.040392031661058560e+18
4.037308887363597824e+18
4.034228461298949632e+18
4.031150957981962240e+18
4.028076653051644416e+18
4.025005236830332928e+18
4.021936894714155520e+18
4.018871345000093184e+18
4.015808524314226176e+18
4.012748521879845376e+18
4.009691276253336064e+18
4.006637144882557440e+18
4.003585925841940992e+18
4.000537770268077568e+18
3.997492588325235712e+18
3.994449940647609344e+18
3.991410238865447936e+18
3.988373201404951040e+18
3.985338993244235264e+18
3.982307974682099712e+18
3.979279766521991680e+18
3.976254599916504064e+18
3.973232243745581568e+18
3.970212501035591168e+18
3.967195589540605952e+18
3.964181367267774464e+18
3.961170134942818816e+18
3.958161868801094144e+18
3.955156544477966336e+18
3.952154173727338496e+18
3.949154357279944192e+18
3.946157405112411648e+18
3.943163073577282048e+18
3.940171488681350656e+18
3.937183065703301120e+18
3.934197390203404288e+18
3.931214720198007296e+18
3.928234869124841472e+18
3.925257536797685248e+18
3.922283034453594624e+18
3.919311159150284288e+18
3.916342160885326336e+18
3.913376164182188032e+18
3.910413000550286848e+18
3.907452768353590784e+18
3.904495130420962816e+18
3.901540223544856576e+18
3.898587935638763520e+18
3.895638328539063808e+18
3.892691807404744192e+18
3.889748000731938304e+18
3.886807160097745408e+18
3.883869137648145408e+18
3.880933559466964480e+18
3.878000796274277888e+18
3.875070603192229888e+18
3.872143185313330688e+18
3.869218784801522176e+18
3.866297124458368512e+18
3.863378369743080960e+18
3.860462239389188608e+18
3.857548704724292096e+18
3.854637819903152640e+18
3.851729545482345984e+18
3.848824236737673216e+18
3.845921664809183232e+18
3.843021997783201792e+18
3.840125139230749696e+18
3.837230670107419136e+18
3.834338987636798976e+18
3.831449823448726016e+18
3.828563343387209216e+18
3.825679877520153600e+18
3.822799074299530240e+18
3.819921147345348608e+18
3.817045865279920128e+18
3.814173064381791232e+18
3.811302929951614976e+18
3.808435340886656000e+18
3.805570596632976896e+18
3.802708639913253888e+18
3.799849481843681280e+18
3.796993113313068032e+18
3.794139139782396416e+18
3.791287890960118272e+18
3.788439113548993536e+18
3.785592939638805504e+18
3.782749758352287744e+18
3.779909177117967872e+18
3.777071439347454464e+18
3.774236357708988416e+18
3.771403662955665408e+18
3.768573637472452096e+18
3.765746097539813888e+18
3.762921292588149248e+18
3.760099314465068032e+18
3.757280028146613248e+18
3.754463511996728832e+18
3.751649430994103808e+18
3.748837953099819520e+18
3.746028933569400320e+18
3.743222454241502208e+18
3.740418909346560512e+18
3.737617925790052352e+18
3.734819749563388928e+18
3.732024231706463744e+18
3.729231026101398016e+18
3.726440479162889216e+18
3.723652363034155520e+18
3.720866882779910656e+18
3.718084249604839936e+18
3.715304216755563520e+18
3.712526931111269376e+18
3.709752112607468032e+18
3.706979763769113600e+18
3.704209906967663616e+18
3.701442522613496832e+18
3.698677963034182656e+18
3.695915975970638848e+18
3.693156744384400896e+18
3.690400164671166464e+18
3.687645841649956352e+18
3.684894153691501056e+18
3.682144846732971008e+18
3.679398086963424256e+18
3.676654176052082176e+18
3.673912788908582912e+18
3.671174122525138432e+18
3.668437945961967104e+18
3.665704125848519680e+18
3.662972817577265664e+18
3.660243919185870336e+18
3.657517728124674048e+18
3.654794157336937984e+18
3.652073249789063168e+18
3.649354977696629760e+18
3.646638956625749504e+18
3.643925518720172544e+18
3.641214416796377088e+18
3.638505783501911552e+18
3.635799982930587648e+18
3.633096644055734784e+18
3.630395996123577344e+18
3.627697851652975616e+18
3.625001970061331968e+18
3.622308606660556288e+18
3.619617595615929344e+18
3.616929185140163072e+18
3.614243437562081792e+18
3.611560248411831808e+18
3.608879677861424128e+18
3.606201393812542464e+18
3.603525587984283648e+18
3.600852097265346560e+18
3.598181010672190976e+18
3.595512714860119552e+18
3.592846836954526720e+18
3.590183616907869184e+18
3.587522905193387520e+18
3.584864381864748032e+18
3.582208370019510272e+18
3.579554657909982208e+18
3.576903449993264128e+18
3.574254929071384064e+18
3.571608876668854784e+18
3.568965422494103040e+18
3.566324288402297344e+18
3.563685504683803136e+18
3.561049065202623488e+18
3.558414968112450560e+18
3.555783562069148160e+18
3.553154574822030336e+18
3.550528202151191040e+18
3.547904334173364224e+18
3.545282598613169152e+18
3.542663355162833920e+18
3.540046363594161664e+18
3.537431789937036800e+18
3.534819909395206656e+18
3.532210421939849216e+18
3.529603508931627520e+18
3.526998940525120000e+18
3.524396610815374336e+18
3.521796647889485312e+18
3.519198967174994944e+18
3.516603863455139328e+18
3.514011223521692160e+18
3.511421118609942016e+18
3.508833504409296384e+18
3.506248006776843264e+18
3.503664958528344576e+18
3.501084118940449792e+18
3.498505620794482688e+18
3.495929804443610624e+18
3.493356319804971008e+18
3.490785382529308160e+18
3.488216805575886848e+18
3.485650374710958592e+18
3.483086320077094400e+18
3.480524492348815872e+18
3.477965137907186688e+18
3.475408292669240320e+18
3.472853879789454336e+18
3.470301943047156224e+18
3.467752153984072192e+18
3.465204722759476224e+18
3.462659476246746624e+18
3.460116504241999872e+18
3.457576185793553408e+18
3.455038151335488000e+18
3.452502633955022848e+18
3.449969484076695040e+18
3.447438406201994240e+18
3.444909701291429376e+18
3.442383172719897088e+18
3.439859023785413632e+18
3.437337411449311744e+18
3.434818143262882816e+18
3.432301333200276992e+18
3.429786705705668096e+18
3.427274315499464704e+18
3.424764131169817600e+18
3.422256166555773952e+18
3.419750765970682368e+18
3.417247640437079040e+18
3.414746996535988736e+18
3.412248719027265536e+18
3.409752457429721600e+18
3.407258553190502912e+18
3.404766779331890688e+18
3.402277301240437248e+18
3.399790369648605696e+18
3.397305708042190848e+18
3.394823483209923584e+18
3.392343467016775680e+18
3.389865578182797824e+18
3.387389920110084608e+18
3.384916423884211712e+18
3.382445380995255808e+18
3.379976655585080320e+18
3.377510343657173504e+18
3.375046386461367808e+18
3.372584420250383360e+18
3.370124776973038592e+18
3.367667222598176768e+18
3.365211889628629504e+18
3.362759096081913856e+18
3.360308512000253952e+18
3.357860340108386816e+18
3.355414394363373568e+18
3.352970484557472256e+18
3.350528817647226368e+18
3.348089259425492992e+18
3.345652053865622528e+18
3.343217213504410624e+18
3.340784686210139136e+18
3.338354501141420032e+18
3.335926334141561344e+18
3.333500410837360128e+18
3.331076549764066304e+18
3.328654844977465856e+18
3.326235656060947968e+18
3.323818629342914048e+18
3.321403987094334464e+18
3.318991580184715776e+18
3.316581135779975680e+18
3.314172934025454592e+18
3.311766792382679552e+18
3.309362912469487616e+18
3.306961427944199680e+18
3.304562170091394048e+18
3.302165238593449984e+18
3.299770361104509440e+18
3.297377613555808768e+18
3.294986942418209280e+18
3.292598375224193024e+18
3.290212248912252416e+18
3.287828268130046976e+18
3.285446641057094144e+18
3.283067250441002496e+18
3.280689766371291136e+18
3.278314512687528960e+18
3.275941274994658816e+18
3.273570217574513664e+18
3.271201568709572608e+18
3.268835073749123072e+18
3.266470886009022976e+18
3.264108779639529472e+18
3.261748695213403648e+18
3.259390714052166144e+18
3.257034781202370560e+18
3.254681184280362496e+18
3.252329768136822784e+18
3.249980650148852224e+18
3.247633759140278272e+18
3.245288741795418624e+18
3.242945927856502272e+18
3.240605090121047040e+18
3.238266360416207360e+18
3.235930035907531776e+18
3.233595805777439744e+18
3.231263860567088128e+18
3.228934015754915328e+18
3.226606102856552448e+18
3.224280307667200512e+18
3.221956509710550528e+18
3.219634950014864896e+18
3.217315620672239616e+18
3.214998491403796480e+18
3.212683578476905984e+18
3.210370562643529728e+18
3.208059682164166656e+18
3.205750748873713664e+18
3.203443860332385280e+18
3.201139357584669184e+18
3.198836902557087744e+18
3.196536707077741568e+18
3.194238622928410624e+18
3.191942398127938048e+18
3.189648293427284992e+18
3.187356139310513664e+18
3.185066135225991680e+18
3.182778394017882624e+18
3.180492768403218432e+18
3.178209345203372544e+18
3.175927855855410688e+18
3.173648394413746176e+18
3.171370888294078976e+18
3.169095376807128576e+18
3.166822187410488320e+18
3.164551025941705728e+18
3.162282095671485440e+18
3.160015279799608320e+18
3.157750267686213120e+18
3.155487366357398016e+18
3.153226373273165824e+18
3.150967451174063616e+18
3.148710807912512512e+18
3.146456208985680896e+18
3.144203795354760192e+18
3.141953343988763648e+18
3.139704814628384768e+18
3.137458269075183616e+18
3.135213664687600128e+18
3.132971284672896000e+18
3.130730960988675584e+18
3.128492819533021184e+18
3.126256787906831360e+18
3.124022520945668608e+18
3.121790344086190592e+18
3.119560037324127232e+18
3.117331731431545344e+18
3.115105704251968512e+18
3.112881663001308160e+18
3.110659786829710336e+18
3.108439893225866752e+18
3.106221833169278976e+18
3.104005773327642112e+18
3.101791605586957312e+18
3.099579567532039680e+18
3.097369633633513984e+18
3.095161792678690816e+18
3.092956049718407168e+18
3.090752090967172608e+18
3.088550164632094208e+18
3.086350077432711680e+18
3.084151929674735104e+18
3.081956044883863552e+18
3.079762100109255168e+18
3.077570297190740992e+18
3.075380489261777920e+18
3.073192443381145088e+18
3.071006402388563456e+18
3.068822208716382208e+18
3.066640059186920448e+18
3.064460048250176000e+18
3.062282047776679424e+18
3.060106133131119616e+18
3.057932040059147264e+18
3.055759877794125824e+18
3.053589557643451392e+18
3.051421128865985024e+18
3.049254909444735488e+18
3.047090607617609216e+18
3.044928421506935296e+18
3.042768235149957632e+18
3.040609755831041536e+18
3.038453274672655872e+18
3.036298600222849536e+18
3.034145893270648320e+18
3.031995343233212928e+18
3.029846734009112064e+18
3.027700195325134336e+18
3.025555507461237248e+18
3.023412646744133120e+18
3.021271657949283840e+18
3.019132509156533248e+18
3.016995478673326080e+18
3.014860388364716544e+18
3.012727370238000640e+18
3.010596349189189632e+18
3.008466996197872640e+18
3.006339623564513792e+18
3.004214021084133376e+18
3.002090318114146304e+18
2.999968774724883968e+18
2.997849114975164416e+18
2.995731507447407616e+18
2.993615772094261248e+18
2.991501777161585152e+18
2.989389672205494784e+18
2.987279360137694208e+18
2.985171074640164864e+18
2.983064775260105728e+18
2.980960467158920192e+18
2.978858145780937728e+18
2.976757503305496064e+18
2.974658795351375360e+18
2.972561825044231680e+18
2.970466694684087808e+18
2.968373711361064960e+18
2.966282566634404864e+18
2.964193452869739520e+18
2.962106224962662400e+18
2.960020667219704320e+18
2.957937006083724800e+18
2.955855094866139136e+18
2.953775127339858432e+18
2.951697181895547904e+18
2.949621147324440576e+18
2.947547088900321792e+18
2.945474747156814848e+18
2.943404243714177024e+18
2.941335476588323840e+18
2.939268503247542784e+18
2.937203632251438080e+18
2.935140575289516032e+18
2.933079525174090240e+18
2.931020367142540288e+18
2.928962825036432896e+18
2.926907175065094656e+18
2.924853236075583488e+18
2.922801166522532352e+18
2.920751139337826304e+18
2.918702955072411136e+18
2.916656733326713856e+18
2.914612258143000576e+18
2.912569519966971904e+18
2.910528548956481536e+18
2.908489322389313536e+18
2.906452113226109952e+18
2.904416735607593984e+18
2.902383326176419328e+18
2.900351807808172544e+18
2.898321866703360512e+18
2.896293802471736320e+18
2.894267414210849280e+18
2.892242829525339648e+18
2.890220292256981504e+18
2.888199542065408000e+18
2.886180737802827776e+18
2.884163702304306688e+18
2.882148318961769472e+18
2.880134722195361280e+18
2.878122824648304128e+18
2.876112855678969344e+18
2.874104762474314752e+18
2.872098563988350464e+18
2.870094247596511232e+18
2.868091514352345600e+18
2.866090617535946240e+18
2.864091365499494912e+18
2.862093859346418176e+18
2.860098390851144704e+18
2.858104665369711616e+18
2.856112866348468736e+18
2.854122850826038784e+18
2.852134418603769856e+18
2.850147781247096320e+18
2.848162801894906880e+18
2.846179670880703488e+18
2.844198452772573184e+18
2.842219051115759104e+18
2.840241522410535936e+18
2.838265612412817408e+18
2.836291452496134656e+18
2.834318930060226560e+18
2.832348109140098560e+18
2.830379288959813120e+18
2.828412185570942464e+18
2.826446986378584576e+18
2.824483578159139840e+18
2.822521699945351168e+18
2.820561614074608128e+18
2.818603148896588800e+18
2.816646460176679936e+18
2.814691706250543616e+18
2.812738702593674752e+18
2.810787559764048896e+18
2.808838065977492480e+18
2.806890223455819776e+18
2.804944050047367680e+18
2.802999530778004480e+18
2.801056932857250816e+18
2.799116064925605888e+18
2.797177066857174016e+18
2.795239860176604160e+18
2.793304145344726016e+18
2.791370209822681088e+18
2.789437861481310720e+18
2.787507225856935936e+18
2.785578532083953152e+18
2.783651534156663296e+18
2.781726382034897920e+18
2.779802901819565056e+18
2.777880990017857024e+18
2.775960767830674944e+18
2.774042156389538816e+18
2.772125380346415104e+18
2.770210376949229056e+18
2.768297176486356992e+18
2.766385759723606528e+18
2.764475836659627520e+18
2.762567657014017536e+18
2.760661034735900672e+18
2.758756069356754944e+18
2.756853038469484032e+18
2.754951660444078080e+18
2.753052110387425280e+18
2.751154247832224256e+18
2.749257886376188416e+18
2.747363224209778176e+18
2.745470133275849728e+18
2.743578800111697408e+18
2.741689277591441920e+18
2.739801481929866752e+18
2.737915462114931200e+18
2.736030969515496448e+18
2.734148141779575296e+18
2.732266861238645760e+18
2.730387193928275456e+18
2.728509430861871616e+18
2.726633293239357952e+18
2.724758963014009856e+18
2.722886328815581696e+18
2.721015143521117696e+18
2.719145656662511104e+18
2.717277705300687360e+18
2.715411442185245696e+18
2.713547012870764032e+18
2.711684246070272512e+18
2.709823244349350912e+18
2.707963800469484032e+18
2.706105926216584704e+18
2.704249629325454336e+18
2.702394901198697472e+18
2.700542002931771392e+18
2.698690739742788096e+18
2.696841253410029056e+18
2.694993464753949184e+18
2.693147087518665216e+18
2.691302397626527232e+18
2.689459211174205440e+18
2.687617651337497088e+18
2.685777934025230848e+18
2.683939826299294720e+18
2.682103470053673472e+18
2.680268695003999744e+18
2.678435408840918016e+18
2.676603721388947456e+18
2.674773561082356224e+18
2.672945147521049088e+18
2.671118410288344576e+18
2.669293388681544704e+18
2.667470058233408512e+18
2.665648137822556672e+18
2.663827872813484544e+18
2.662009082769300992e+18
2.660191865395547136e+18
2.658376485233251328e+18
2.656562672840515584e+18
2.654750595576011264e+18
2.652940115787744768e+18
2.651131059238077440e+18
2.649323612209709056e+18
2.647517654462561792e+18
2.645713368413709824e+18
2.643910797256199680e+18
2.642109867884991488e+18
2.640310622974568448e+18
2.638512819855305728e+18
2.636716599555136512e+18
2.634921843469805056e+18
2.633128616429748224e+18
2.631337201966028800e+18
2.629547327103840768e+18
2.627759168342340608e+18
2.625972616453973504e+18
2.624187436847400448e+18
2.622403867319171584e+18
2.620621752865422848e+18
2.618841242921768448e+18
2.617062471992565248e+18
2.615285280398342144e+18
2.613509763720578560e+18
2.611735719600477696e+18
2.609963167311537152e+18
2.608192106549945344e+18
2.606422533805682688e+18
2.604654703737178624e+18
2.602888420071071744e+18
2.601123825244115456e+18
2.599360839990270464e+18
2.597599190361256448e+18
2.595839141393419264e+18
2.594080516855687680e+18
2.592323437294924288e+18
2.590568106823738880e+18
2.588814304323000832e+18
2.587062164426404864e+18
2.585311520779337216e+18
2.583562290430299648e+18
2.581814573584406528e+18
2.580068304855976960e+18
2.578323698483336704e+18
2.576580678509935104e+18
2.574839291056363008e+18
2.573099507713193472e+18
2.571361056147169792e+18
2.569624176677365760e+18
2.567888694462921216e+18
2.566154705148632064e+18
2.564422461332960256e+18
2.562691704915920896e+18
2.560962596099216384e+18
2.559235000337826304e+18
2.557508754003618304e+18
2.555784032888424960e+18
2.554060723625821184e+18
2.552339004220837376e+18
2.550618910077127680e+18
2.548900376885632000e+18
2.547183442139167232e+18
2.545467869437705216e+18
2.543753801438617600e+18
2.542041119637334528e+18
2.540329887492603392e+18
2.538620380820162048e+18
2.536912333051253760e+18
2.535205915261979136e+18
2.533501020631648256e+18
2.531797425834413056e+18
2.530095357987275264e+18
2.528394669269425152e+18
2.526695505532423680e+18
2.524997991868974080e+18
2.523301978647152128e+18
2.521607555424522240e+18
2.519914525019256832e+18
2.518222912254407680e+18
2.516532710734694400e+18
2.514843920832494080e+18
2.513156790484709888e+18
2.511471123710986752e+18
2.509787062446005248e+18
2.508104527920831488e+18
2.506423257535331328e+18
2.504743506114569728e+18
2.503065104550217216e+18
2.501388170515788800e+18
2.499712897694012416e+18
2.498039075570723328e+18
2.496366832295936512e+18
2.494696005726807040e+18
2.493026520555680256e+18
2.491358469029824512e+18
2.489691790887710720e+18
2.488026694731560448e+18
2.486363101038669312e+18
2.484701060711889408e+18
2.483040542602889216e+18
2.481381283053419520e+18
2.479723516738850816e+18
2.478067074369300992e+18
2.476412049313754112e+18
2.474758683304053248e+18
2.473106728734654976e+18
2.471456339231959552e+18
2.469807383620485120e+18
2.468159707410731008e+18
2.466513477257953792e+18
2.464868585774894080e+18
2.463225206294122496e+18
2.461583368196718080e+18
2.459943014198181376e+18
2.458304177671050240e+18
2.456666628754234368e+18
2.455030510117810176e+18
2.453395704321498624e+18
2.451762273296591872e+18
2.450130484953918464e+18
2.448500079627274240e+18
2.446871223026337792e+18
2.445243810976366592e+18
2.443617630207498752e+18
2.441992898183541248e+18
2.440369473545445376e+18
2.438747498318379520e+18
2.437127089723638272e+18
2.435508106697396736e+18
2.433890633680480768e+18
2.432274478929847808e+18
2.430659671019833344e+18
2.429046199278555648e+18
2.427434066841455104e+18
2.425823514676290048e+18
2.424214348735425536e+18
2.422606709378291200e+18
2.421000518878627328e+18
2.419395525053647360e+18
2.417791973195917824e+18
2.416189700782939136e+18
2.414588822394398208e+18
2.412989522578102272e+18
2.411391600258654720e+18
2.409795177843623424e+18
2.408200097651935744e+18
2.406606290420887040e+18
2.405013841998881792e+18
2.403422696262166016e+18
2.401833055936081408e+18
2.400244839754560512e+18
2.398658101509194240e+18
2.397072808427539456e+18
2.395488705396723712e+18
2.393906020931213824e+18
2.392324591226786816e+18
2.390744507181637632e+18
2.389166000692819456e+18
2.387588833816528896e+18
2.386013154167991296e+18
2.384438834175355904e+18
2.382865727106954240e+18
2.381293991763304960e+18
2.379723525894993920e+18
2.378154497932229120e+18
2.376586932873288192e+18
2.375020778805170176e+18
2.373456065968737792e+18
2.371892571274175488e+18
2.370330435920152576e+18
2.368769544421731328e+18
2.367209957060029440e+18
2.365651933627412992e+18
2.364095221845562368e+18
2.362539982112373760e+18
2.360986113113309696e+18
2.359433410489628160e+18
2.357882083036404224e+18
2.356331995171588608e+18
2.354783284878782976e+18
2.353236062945438720e+18
2.351690195485086720e+18
2.350145762672193024e+18
2.348602578430288384e+18
2.347060673426677248e+18
2.345520034392524800e+18
2.343980666193149952e+18
2.342442802614802944e+18
2.340906253039923200e+18
2.339371155268148736e+18
2.337837433120408576e+18
2.336304843939337728e+18
2.334773624152813056e+18
2.333243617306939392e+18
2.331714934690827264e+18
2.330187752934389760e+18
2.328661879293418496e+18
2.327137431133700608e+18
2.325614255455009792e+18
2.324092287558047744e+18
2.322571608343401472e+18
2.321052164910078976e+18
2.319534153898196992e+18
2.318017493971355648e+18
2.316502240065222144e+18
2.314988358809434624e+18
2.313475603494532608e+18
2.311964196028071424e+18
2.310453978011838976e+18
2.308945037698456064e+18
2.307437598129219584e+18
2.305931430217502720e+18
2.304426676107361280e+18
2.302923212036937984e+18
2.301420897745944320e+18
2.299919885381788928e+18
2.298420077047888896e+18
2.296921636071692544e+18
2.295424584580570624e+18
2.293928874502080256e+18
2.292434533859820288e+18
2.290941346532381952e+18
2.289449450893481216e+18
2.287958734229333248e+18
2.286469255384720384e+18
2.284981264884344832e+18
2.283494519228706304e+18
2.282009173248321280e+18
2.280525128678686464e+18
2.279042188998277888e+18
2.277560555265822464e+18
2.276080097032529920e+18
2.274600948051744000e+18
2.273123214009058816e+18
2.271646766899535872e+18
2.270171683422125568e+18
2.268697783362170368e+18
2.267225097960622080e+18
2.265753612894732032e+18
2.264283333812406784e+18
2.262814487139619072e+18
2.261346887047042048e+18
2.259880667878935040e+18
2.258415755464668672e+18
2.256951915827598848e+18
2.255489377175159040e+18
2.254027988630329856e+18
2.252567858018265856e+18
2.251109155185149952e+18
2.249651694677652224e+18
2.248195589475813120e+18
2.246740691449550592e+18
2.245286939099781888e+18
2.243834409718675968e+18
2.242383052785373696e+18
2.240933058677500160e+18
2.239484347513668608e+18
2.238036973777867008e+18
2.236590904439966720e+18
2.235145901043214080e+18
2.233702178504648448e+18
2.232259583743176960e+18
2.230818202211212544e+18
2.229378249013554432e+18
2.227939503155385088e+18
2.226502101820112128e+18
2.225065925235357440e+18
2.223630838423003136e+18
2.222196987992810496e+18
2.220764279674584064e+18
2.219332871521051136e+18
2.217902784172889600e+18
2.216473971991692288e+18
2.215046461623345664e+18
2.213620044078518784e+18
2.212194853680427776e+18
2.210770781226086400e+18
2.209347883749533952e+18
2.207926403195881472e+18
2.206506104372542464e+18
2.205087136897442560e+18
2.203669405722070016e+18
2.202252721163973632e+18
2.200837277417639168e+18
2.199422948568308992e+18
2.198009863976073216e+18
2.196598125449415680e+18
2.195187609668550144e+18
2.193778390586344704e+18
2.192370294014124032e+18
2.190963350384401920e+18
2.189557545726700288e+18
2.188152885609313536e+18
2.186749588951113472e+18
2.185347475933593344e+18
2.183946676638665472e+18
2.182547119320593664e+18
2.181148577892669184e+18
2.179751272952127744e+18
2.178355058737335808e+18
2.176960039458962432e+18
2.175566379227242752e+18
2.174173898913427456e+18
2.172782707720148736e+18
2.171392662548205824e+18
2.170003703853844480e+18
2.168615906546290944e+18
2.167229221714890240e+18
2.165843833327183104e+18
2.164459664337326080e+18
2.163076767329691136e+18
2.161695110465619200e+18
2.160314463384779520e+18
2.158935033684573440e+18
2.157556673507244288e+18
2.156179465370301952e+18
2.154803617296153088e+18
2.153428915664612608e+18
2.152055493175179776e+18
2.150683234198489344e+18
2.149312007948378624e+18
2.147941956521843200e+18
2.146572988608698624e+18
2.145205256842302208e+18
2.143838781634246912e+18
2.142473518499107840e+18
2.141109493469716992e+18
2.139746504820828928e+18
2.138384681724422400e+18
2.137023919151599872e+18
2.135664271989349632e+18
2.134305974247672320e+18
2.132948798590978048e+18
2.131592889759746048e+18
2.130238156064170240e+18
2.128884413742009600e+18
2.127531850928832000e+18
2.126180345691847936e+18
2.124830022859739136e+18
2.123480981480709632e+18
2.122133101826340096e+18
2.120786455770272512e+18
2.119440875284438528e+18
2.118096388745548288e+18
2.116752983805556480e+18
2.115410665174707200e+18
2.114069644148220928e+18
2.112729748009594112e+18
2.111391101858997760e+18
2.110053636746301440e+18
2.108717133743151104e+18
2.107381806404238848e+18
2.106047513655850752e+18
2.104714355965916928e+18
2.103382492667695616e+18
2.102051750069989120e+18
2.100722234156337920e+18
2.099393806991853056e+18
2.098066409860697600e+18
2.096740116399541248e+18
2.095414878610469888e+18
2.094090873931610880e+18
2.092768029391865344e+18
2.091446394373861888e+18
2.090125938996318720e+18
2.088806440836183040e+18
2.087488099889469696e+18
2.086170773426856448e+18
2.084854540915869952e+18
2.083539604081307904e+18
2.082225756015946496e+18
2.080913125374909184e+18
2.079601600800412416e+18
2.078291054707825664e+18
2.076981625612597760e+18
2.075673224559059200e+18
2.074365998642680320e+18
2.073059969178874880e+18
2.071755091679517952e+18
2.070451392254709760e+18
2.069148676545371392e+18
2.067847067592725760e+18
2.066546465129302528e+18
2.065246921598089216e+18
2.063948663668989952e+18
2.062651471444849920e+18
2.061355485099659520e+18
2.060060616422518272e+18
2.058766686734243584e+18
2.057473878844995840e+18
2.056182074300945664e+18
2.054891393285119744e+18
2.053601933094627328e+18
2.052313576603074816e+18
2.051026394208661248e+18
2.049740224150508800e+18
2.048455091633775872e+18
2.047170987068670464e+18
2.045887913610993408e+18
2.044606074844409088e+18
2.043325306118600704e+18
2.042045726918708224e+18
2.040767271414723072e+18
2.039489727168329472e+18
2.038213301209776128e+18
2.036937856762786560e+18
2.035663490445899520e+18
2.034390357684186880e+18
2.033118289420038400e+18
2.031847388924658176e+18
2.030577523534848000e+18
2.029308634351183872e+18
2.028040794732947456e+18
2.026773956969243904e+18
2.025508291876308480e+18
2.024243731659589888e+18
2.022980321340953856e+18
2.021718033679002112e+18
2.020456654028309248e+18
2.019196374542789376e+18
2.017937057528692480e+18
2.016678779307681792e+18
2.015421736019416320e+18
2.014165726869214976e+18
2.012910876867541504e+18
2.011657079032818688e+18
2.010404208091276544e+18
2.009152399812418816e+18
2.007901567050763776e+18
2.006651851270341376e+18
2.005403275700984832e+18
2.004155794820676864e+18
2.002909435433708288e+18
2.001664010621021952e+18
2.000419636430950656e+18
1.999176217869676800e+18
1.997933805177109760e+18
1.996692616730810112e+18
1.995452441185710848e+18
1.994213413934699264e+18
1.992975450344242176e+18
1.991738376064262656e+18
1.990502369237455616e+18
1.989267314436269312e+18
1.988033327106802432e+18
1.986800503697500672e+18
1.985568728800030976e+18
1.984338071877806080e+18
1.983108377517153280e+18
1.981879666764111872e+18
1.980651933790876928e+18
1.979425179582488320e+18
1.978199599950190336e+18
1.976975039151660032e+18
1.975751610507964160e+18
1.974529251587466752e+18
1.973307755839863040e+18
1.972087324233933824e+18
1.970867823939614464e+18
1.969649347640279552e+18
1.968432047630841344e+18
1.967215758769081856e+18
1.966000582068050176e+18
1.964786390218826496e+18
1.963573123240747776e+18
1.962360855096249856e+18
1.961149537806427904e+18
1.959939335498607360e+18
1.958730186523444736e+18
1.957522130522850560e+18
1.956315143496634112e+18
1.955109018418847488e+18
1.953903939395953408e+18
1.952699773681653760e+18
1.951496594374572800e+18
1.950294592667305728e+18
1.949093573343038976e+18
1.947893658125501440e+18
1.946694744491038720e+18
1.945496708685173248e+18
1.944299684470379264e+18
1.943103586028056064e+18
1.941908549121010176e+18
1.940714599784687616e+18
1.939521690554847488e+18
1.938329849474816768e+18
1.937138897112841216e+18
1.935948941775516160e+18
1.934759894181036800e+18
1.933571802336549376e+18
1.932384876250820096e+18
1.931198913356379136e+18
1.930014044330765056e+18
1.928830188195340288e+18
1.927647174259146240e+18
1.926465176577045504e+18
1.925284082346178048e+18
1.924104002206427392e+18
1.922925032554779648e+18
1.921747058922384640e+18
1.920570150315837696e+18
1.919394157723580928e+18
1.918219097169256960e+18
1.917044967461599232e+18
1.915871766876383744e+18
1.914699683417052928e+18
1.913528570973497344e+18
1.912358536235729152e+18
1.911189520402749440e+18
1.910021322278672896e+18
1.908854137174279424e+18
1.907687835895416832e+18
1.906522507124635904e+18
1.905358300714080512e+18
1.904195054806190080e+18
1.903032868556989952e+18
1.901871620070900224e+18
1.900711247499636480e+18
1.899551826176068096e+18
1.898393307367514624e+18
1.897235848469456128e+18
1.896079394817854208e+18
1.894923979791524096e+18
1.893769583154064896e+18
1.892616005344097024e+18
1.891463422245551360e+18
1.890311705978468864e+18
1.889160926359407104e+18
1.888011270196323072e+18
1.886862547384695040e+18
1.885714876676267520e+18
1.884568160065171968e+18
1.883422274622499328e+18
1.882277352745720320e+18
1.881133309520261888e+18
1.879990274960510208e+18
1.878848278682597376e+18
1.877707270492352768e+18
1.876567280146523136e+18
1.875428135722993152e+18
1.874289937146772480e+18
1.873152601214149120e+18
1.872016173658870528e+18
1.870880856138756864e+18
1.869746454985185280e+18
1.868613096244554240e+18
1.867480702650576896e+18
1.866349106585433088e+18
1.865218478515711232e+18
1.864088707913049600e+18
1.862959900562824448e+18
1.861832153504530944e+18
1.860705352534933504e+18
1.859579566619862528e+18
1.858454653181112832e+18
1.857330622476822016e+18
1.856207478700955136e+18
1.855085216956880384e+18
1.853964017428812800e+18
1.852843744250405632e+18
1.851724497093243392e+18
1.850606220973805824e+18
1.849488719586852096e+18
1.848372182925770240e+18
1.847256485164117760e+18
1.846141710937275392e+18
1.845028008252068864e+18
1.843915217993201408e+18
1.842803437807681792e+18
1.841692551250035968e+18
1.840582493926365952e+18
1.839473343195839232e+18
1.838365049153860352e+18
1.837257762443871744e+18
1.836151436103396096e+18
1.835046096496973824e+18
1.833941727598423040e+18
1.832838137160734720e+18
1.831735492695960064e+18
1.830633671118272000e+18
1.829532738920687360e+18
1.828432879012693504e+18
1.827333906008012544e+18
1.826235935957076992e+18
1.825138875410856704e+18
1.824042601668453376e+18
1.822947246307874048e+18
1.821852724955337472e+18
1.820759161851041280e+18
1.819666590854271744e+18
1.818574958371211264e+18
1.817484296277741312e+18
1.816394440160303616e+18
1.815305481027210240e+18
1.814217342048394496e+18
1.813130066658729984e+18
1.812043848196415744e+18
1.810958501991548672e+18
1.809874149534012160e+18
1.808790717308095232e+18
1.807708040266689536e+18
1.806626285706559488e+18
1.805545345074987008e+18
1.804465319274564352e+18
1.803386306580355072e+18
1.802308192484374016e+18
1.801231046266839808e+18
1.800154731791832576e+18
1.799079252924832000e+18
1.798004619871437056e+18
1.796930824172301568e+18
1.795858038203481856e+18
1.794786136846137856e+18
1.793715212443093760e+18
1.792645213970490880e+18
1.791575949620522240e+18
1.790507604344474112e+18
1.789440055458232064e+18
1.788373383522177792e+18
1.787307735206473984e+18
1.786242953684232704e+18
1.785179135388594432e+18
1.784116169339869184e+18
1.783053988025810688e+18
1.781992671378601216e+18
1.780932167969406208e+18
1.779872621690873856e+18
1.778813993879327232e+18
1.777756303261469440e+18
1.776699538394317056e+18
1.775643514200987648e+18
1.774588389693982720e+18
1.773534046519879168e+18
1.772480547823609088e+18
1.771428073026059776e+18
1.770376441138309120e+18
1.769325765735549696e+18
1.768275957944873984e+18
1.767226894789988096e+18
1.766178707479440640e+18
1.765131311875517696e+18
1.764084826438738432e+18
1.763039289825175808e+18
1.761994644486561792e+18
1.760950924756982528e+18
1.759907973708438528e+18
1.758865872217343232e+18
1.757824552395535104e+18
1.756784053027268352e+18
1.755744559954385408e+18
1.754705897587977984e+18
1.753668182924923648e+18
1.752631346219951872e+18
1.751595224576889344e+18
1.750559982459628800e+18
1.749525513043214848e+18
1.748491912338210304e+18
1.747459280350062848e+18
1.746427501797427712e+18
1.745396646570473728e+18
1.744366584963536384e+18
1.743337313933826048e+18
1.742308850206572288e+18
1.741281181439592192e+18
1.740254472232934400e+18
1.739228608616098560e+18
1.738203675367126016e+18
1.737179625520298752e+18
1.736156271442822912e+18
1.735133793252124416e+18
1.734112071224231168e+18
1.733091181834387968e+18
1.732071270837507328e+18
1.731052183329404160e+18
1.730034014772199936e+18
1.729016659647762944e+18
1.728000046854659072e+18
1.726984259338300416e+18
1.725969243857122816e+18
1.724955137574389248e+18
1.723941910608351744e+18
1.722929573547381760e+18
1.721918119834018816e+18
1.720907371424277760e+18
1.719897478721466624e+18
1.718888328054617344e+18
1.717879979212306176e+18
1.716872608460839424e+18
1.715866038961858816e+18
1.714860381996639488e+18
1.713855553268928256e+18
1.712851429115464192e+18
1.711848140731190528e+18
1.710845603966972928e+18
1.709843931517320960e+18
1.708843167283746560e+18
1.707843249320367872e+18
1.706844214693997312e+18
1.705845913918707968e+18
1.704848416782249472e+18
1.703851666352789760e+18
1.702855694914334208e+18
1.701860681482954240e+18
1.700866459618750464e+18
1.699873141876743168e+18
1.698880662284461312e+18
1.697888859758288384e+18
1.696897896184842240e+18
1.695907666269418496e+18
1.694918261139367424e+18
1.693929782929935872e+18
1.692942115217505792e+18
1.691955328739606016e+18
1.690969300189119232e+18
1.689984019206484736e+18
1.688999509430188544e+18
1.688015754382575360e+18
1.687032910939572736e+18
1.686050876581758720e+18
1.685069728357893120e+18
1.684089423416252160e+18
1.683109778047219968e+18
1.682130967674444800e+18
1.681152875395184896e+18
1.680175573606297600e+18
1.679199207483432192e+18
1.678223623766707200e+18
1.677248917138563584e+18
1.676274987519435008e+18
1.675301759846283776e+18
1.674329320414337536e+18
1.673357613942591232e+18
1.672386770905294848e+18
1.671416770576486144e+18
1.670447615024207616e+18
1.669479302810956032e+18
1.668511663746473984e+18
1.667544836679539968e+18
1.666578715435021312e+18
1.665613355502329600e+18
1.664648930252130560e+18
1.663685266824341760e+18
1.662722474342998784e+18
1.661760473071272960e+18
1.660799138336695040e+18
1.659838601584047104e+18
1.658878778461072640e+18
1.657919775928034816e+18
1.656961643479483392e+18
1.656004314436920064e+18
1.655047828812037376e+18
1.654092044498350336e+18
1.653137019875160832e+18
1.652182709281296384e+18
1.651229138301126656e+18
1.650276479258487040e+18
1.649324574919182080e+18
1.648373533434182912e+18
1.647423292589515008e+18
1.646473692855579904e+18
1.645524893716545792e+18
1.644576791260010752e+18
1.643629471756067328e+18
1.642683039776748800e+18
1.641737377484624640e+18
1.640792556645388544e+18
1.639848460300304128e+18
1.638905070467284736e+18
1.637962417981376768e+18
1.637020482041640704e+18
1.636079411870209024e+18
1.635139116608105472e+18
1.634199665479008512e+18
1.633261019759604224e+18
1.632322999481620224e+18
1.631385775446282496e+18
1.630449233476270336e+18
1.629513441912893184e+18
1.628578545605135104e+18
1.627644392745135616e+18
1.626711077376421120e+18
1.625778504817321984e+18
1.624846595765698048e+18
1.623915440102587648e+18
1.622984980340492544e+18
1.622055340322807040e+18
1.621126508748793088e+18
1.620198478897973504e+18
1.619271254622177024e+18
1.618344674128401408e+18
1.617418862635225856e+18
1.616493723432649984e+18
1.615569307068998400e+18
1.614645784204265984e+18
1.613722985858796288e+18
1.612801019091751936e+18
1.611879808691703808e+18
1.610959228741422848e+18
1.610039411108543744e+18
1.609120271100239360e+18
1.608201909991327744e+18
1.607284383119934208e+18
1.606367618844461824e+18
1.605451660273526528e+18
1.604536372599608576e+18
1.603621802578674432e+18
1.602707916020158720e+18
1.601794731675874304e+18
1.600882415300294144e+18
1.599970818912947712e+18
1.599060046284409344e+18
1.598150038929061120e+18
1.597240638690890496e+18
1.596332002746590976e+18
1.595424028466715136e+18
1.594516797306259712e+18
1.593610416491738880e+18
1.592704766595131904e+18
1.591799920536207616e+18
1.590895767637162496e+18
1.589992282085941760e+18
1.589089502091336704e+18
1.588187402403428096e+18
1.587286124678102784e+18
1.586385589837412352e+18
1.585485859250038016e+18
1.584586896805475584e+18
1.583688530633593856e+18
1.582790922446206720e+18
1.581893962228150528e+18
1.580997714303323648e+18
1.580102323365499648e+18
1.579207638951139072e+18
1.578313754556163840e+18
1.577420580839512064e+18
1.576528034073769472e+18
1.575636207864375296e+18
1.574745042407794944e+18
1.573854654991403008e+18
1.572965043909419776e+18
1.572076193493853184e+18
1.571188112992934144e+18
1.570300648897447424e+18
1.569413912728088064e+18
1.568527817224969984e+18
1.567642408033942528e+18
1.566757853216668672e+18
1.565873987650055168e+18
1.564990916376976384e+18
1.564108568661501440e+18
1.563226817190042368e+18
1.562345794337856768e+18
1.561465414986745600e+18
1.560585774790936064e+18
1.559706935089501440e+18
1.558828819148148736e+18
1.557951473266581504e+18
1.557074769839146752e+18
1.556198743883451648e+18
1.555323372770126592e+18
1.554448668348837888e+18
1.553574789916563200e+18
1.552701598788246016e+18
1.551829194362930944e+18
1.550957521838184704e+18
1.550086424327336448e+18
1.549216056715921664e+18
1.548346317605641984e+18
1.547477283693896448e+18
1.546609064993174784e+18
1.545741540400192768e+18
1.544874784061506560e+18
1.544008691496630784e+18
1.543143228950128128e+18
1.542278442079729664e+18
1.541414301120312832e+18
1.540550940265122816e+18
1.539688293716514048e+18
1.538826410632345088e+18
1.537965261696261632e+18
1.537104682057591040e+18
1.536244823843636480e+18
1.535385581333479424e+18
1.534527014886286848e+18
1.533669269133225216e+18
1.532812194930258432e+18
1.531955885268744448e+18
1.531100256075321600e+18
1.530245219098913792e+18
1.529390871713785856e+18
1.528537151746178304e+18
1.527684170017899264e+18
1.526831934492789504e+18
1.525980420500948224e+18
1.525129642734503424e+18
1.524279455838816000e+18
1.523429957652386560e+18
1.522581070288941568e+18
1.521732834569594624e+18
1.520885415998876672e+18
1.520038653359654656e+18
1.519192649683970816e+18
1.518347338646516224e+18
1.517502591466898688e+18
1.516658541026863616e+18
1.515815101749019904e+18
1.514972363746948096e+18
1.514130394428799744e+18
1.513289111935150592e+18
1.512448565795333888e+18
1.511608635492984064e+18
1.510769344287315968e+18
1.509930681096287744e+18
1.509092650858142720e+18
1.508255405459345152e+18
1.507418818708513280e+18
1.506582982465927680e+18
1.505747846606523392e+18
1.504913255482894592e+18
1.504079361628498432e+18
1.503246064870752000e+18
1.502413437221440768e+18
1.501581591527497472e+18
1.500750405014983936e+18
1.499919953078526464e+18
1.499090137336231424e+18
1.498260916065692928e+18
1.497432342350871808e+18
1.496604381902115072e+18
1.495777161568585216e+18
1.494950629173393664e+18
1.494124820604487680e+18
1.493299714431989760e+18
1.492475152336747008e+18
1.491651276853149440e+18
1.490827986543201536e+18
1.490005337867820800e+18
1.489183475411729152e+18
1.488362251406561024e+18
1.487541758335148544e+18
1.486721917304257280e+18
1.485902635525046272e+18
1.485084014094118656e+18
1.484265988466523904e+18
1.483448663103571968e+18
1.482632055622788864e+18
1.481816132398089728e+18
1.481000913556072192e+18
1.480186261752891904e+18
1.479372261239525632e+18
1.478558843368054528e+18
1.477746044860005120e+18
1.476934026805416448e+18
1.476122633843855104e+18
1.475311966349953536e+18
1.474501962330016256e+18
1.473692491544759040e+18
1.472883687297786624e+18
1.472075463568003840e+18
1.471267905022477568e+18
1.470461085121110528e+18
1.469654916940424448e+18
1.468849453224502528e+18
1.468044580419297280e+18
1.467240310095886336e+18
1.466436642606000896e+18
1.465633576024571904e+18
1.464831253987372032e+18
1.464029565619633152e+18
1.463228592432919552e+18
1.462428289835904256e+18
1.461628503462447104e+18
1.460829383357330432e+18
1.460030830613421056e+18
1.459232912642556672e+18
1.458435745094654208e+18
1.457639203616188160e+18
1.456843364821469952e+18
1.456048136314339584e+18
1.455253468467622400e+18
1.454459421674882560e+18
1.453665957167002624e+18
1.452873194581555712e+18
1.452081095244211456e+18
1.451289681919766016e+18
1.450498940995267840e+18
1.449708720575653888e+18
1.448919153594204416e+18
1.448130142902765824e+18
1.447341741143583232e+18
1.446554092797079808e+18
1.445767051605714176e+18
1.444980709494134784e+18
1.444194992647896064e+18
1.443409803807156992e+18
1.442625247656687104e+18
1.441841257330515712e+18
1.441057931048192768e+18
1.440275295978695936e+18
1.439493309681249280e+18
1.438711997653139456e+18
1.437931230404066048e+18
1.437151078766926080e+18
1.436371483140795136e+18
1.435592477585655296e+18
1.434814214822225920e+18
1.434036549398338304e+18
1.433259577666567168e+18
1.432483241872496640e+18
1.431707410401456640e+18
1.430932216813237248e+18
1.430157574706175232e+18
1.429383563408282624e+18
1.428610262332118016e+18
1.427837579641126912e+18
1.427065571228013568e+18
1.426294130360706816e+18
1.425523257078171648e+18
1.424752962957290240e+18
1.423983239312357120e+18
1.423214221690318336e+18
1.422445814314321664e+18
1.421678088562237440e+18
1.420911005206423040e+18
1.420144411273973760e+18
1.419378454110385664e+18
1.418613036157644544e+18
1.417848220326213888e+18
1.417084124960664576e+18
1.416320624302575872e+18
1.415557796109633536e+18
1.414795553845372928e+18
1.414033840121881600e+18
1.413272722435716608e+18
1.412512157635308800e+18
1.411752258292090368e+18
1.410992999030401280e+18
1.410234389734889728e+18
1.409476424485637120e+18
1.408718957716625152e+18
1.407962112750567424e+18
1.407205796754293760e+18
1.406450058643375872e+18
1.405695042664467712e+18
1.404940604282935296e+18
1.404186834771224576e+18
1.403433665279427840e+18
1.402680994220991232e+18
1.401928929650196480e+18
1.401177402479313408e+18
1.400426504817646336e+18
1.399676273201245184e+18
1.398926656607680256e+18
1.398177685789267968e+18
1.397429238939540992e+18
1.396681371648858368e+18
1.395934039312516608e+18
1.395187267230298368e+18
1.394441201930002944e+18
1.393695707856626432e+18
1.392950877312949248e+18
1.392206656678941440e+18
1.391462913120904960e+18
1.390719780210571264e+18
1.389977171274840576e+18
1.389235160422650368e+18
1.388493832841904384e+18
1.387753092020354816e+18
1.387012996884028160e+18
1.386273447370056448e+18
1.385534432222831360e+18
1.384795973945066240e+18
1.384058057245012992e+18
1.383320809754731008e+18
1.382584150506058496e+18
1.381848141013342976e+18
1.381112747206713600e+18
1.380377817686309632e+18
1.379643496815457792e+18
1.378909688511612672e+18
1.378176451294620928e+18
1.377443906021483264e+18
1.376711925784393472e+18
1.375980589361889280e+18
1.375249815938850304e+18
1.374519540588760320e+18
1.373789837618307840e+18
1.373060659640122368e+18
1.372332112316992000e+18
1.371604183286801920e+18
1.370876869888628480e+18
1.370150173720060672e+18
1.369423957249229824e+18
1.368698328813124352e+18
1.367973205299993344e+18
1.367248630214788608e+18
1.366524747371698944e+18
1.365801414245927424e+18
1.365078721320651520e+18
1.364356604584132864e+18
1.363634958341730304e+18
1.362913893717186560e+18
1.362193339547397632e+18
1.361473381974876928e+18
1.360754066640170496e+18
1.360035334259716352e+18
1.359317220675709696e+18
1.358599611584298240e+18
1.357882547534186240e+18
1.357165998940034816e+18
1.356449982130043648e+18
1.355734637656946688e+18
1.355019839856291328e+18
1.354305676934996736e+18
1.353592099290685952e+18
1.352878973097201408e+18
1.352166431617830656e+18
1.351454388061558016e+18
1.350742911449975552e+18
1.350032092494247936e+18
1.349321830326784000e+18
1.348612186744516352e+18
1.347903068189468672e+18
1.347194452426396928e+18
1.346486372498073344e+18
1.345778806710649856e+18
1.345071874966419456e+18
1.344365510750085376e+18
1.343659766035045632e+18
1.342954610202817536e+18
1.342249898070545408e+18
1.341545766267595520e+18
1.340842121820806400e+18
1.340139018981658368e+18
1.339436580866358528e+18
1.338734679751278336e+18
1.338033395268757760e+18
1.337332652175173632e+18
1.336632378302042880e+18
1.335932654390701312e+18
1.335233429012038144e+18
1.334534801088901888e+18
1.333836770910567936e+18
1.333139323692261888e+18
1.332442468324486912e+18
1.331746075631009024e+18
1.331050237772439808e+18
1.330354882594690816e+18
1.329660047915374336e+18
1.328965876850637312e+18
1.328272229245197568e+18
1.327579194614177024e+18
1.326886713646273792e+18
1.326194676828616704e+18
1.325503197975981568e+18
1.324812204041510400e+18
1.324121775355539712e+18
1.323431966326065664e+18
1.322742709812565504e+18
1.322054046534710016e+18
1.321365869499425792e+18
1.320678204634596864e+18
1.319991036879129856e+18
1.319304373859537664e+18
1.318618350214014976e+18
1.317932850167532800e+18
1.317247957766894848e+18
1.316563627299482368e+18
1.315879724240881664e+18
1.315196381151798784e+18
1.314513511319655936e+18
1.313831178821473280e+18
1.313149479568049408e+18
1.312468308736533248e+18
1.311787730787141888e+18
1.311107658491761920e+18
1.310428059024019456e+18
1.309748975498503680e+18
1.309070380070152448e+18
1.308392385106935040e+18
1.307714940289165824e+18
1.307038081937330688e+18
1.306361788480296192e+18
1.305685920945717248e+18
1.305010605961175552e+18
1.304335754486127360e+18
1.303661416636790016e+18
1.302987717467090176e+18
1.302314528846555648e+18
1.301641931051344384e+18
1.300969854248751616e+18
1.300298219396082688e+18
1.299627113214650624e+18
1.298956480472961024e+18
1.298286413533045504e+18
1.297616924900395264e+18
1.296947988171011584e+18
1.296279619257101056e+18
1.295611697117389568e+18
1.294944298204462080e+18
1.294277360912284160e+18
1.293610917704720128e+18
1.292945110534202880e+18
1.292279802180802560e+18
1.291615080927198720e+18
1.290950892014120448e+18
1.290287122468644608e+18
1.289623888342650880e+18
1.288961114940565248e+18
1.288298876945596160e+18
1.287637237125236224e+18
1.286976120966130688e+18
1.286315573807926528e+18
1.285655495766671360e+18
1.284995898641898496e+18
1.284336781320539136e+18
1.283678143043163136e+18
1.283020110211640320e+18
1.282362584053891584e+18
1.281705637266017024e+18
1.281049230256173056e+18
1.280393228161076480e+18
1.279737762373273344e+18
1.279082746496311296e+18
1.278428239815788288e+18
1.277774343050073088e+18
1.277120947897736448e+18
1.276468121231308800e+18
1.275815781967544064e+18
1.275163887147403264e+18
1.274512489410322176e+18
1.273861555055615744e+18
1.273211189121931264e+18
1.272561357132573440e+18
1.271912079798237184e+18
1.271263344833959424e+18
1.270615019222817280e+18
1.269967219601981184e+18
1.269319860943729408e+18
1.268672989372368640e+18
1.268026731492435456e+18
1.267380959248441600e+18
1.266735753308990464e+18
1.266091049081686528e+18
1.265446761085298688e+18
1.264802981490508032e+18
1.264159651546114560e+18
1.263516857242150144e+18
1.262874622795824896e+18
1.262232910767532800e+18
1.261591743775617280e+18
1.260951008684297728e+18
1.260310766707183872e+18
1.259670966502366976e+18
1.259031637573004800e+18
1.258392913637673984e+18
1.257754667645515520e+18
1.257116984143438336e+18
1.256479812765773056e+18
1.255843037503271168e+18
1.255206776118212864e+18
1.254570952543073536e+18
1.253935635988742656e+18
1.253300897106653952e+18
1.252666654571267328e+18
1.252032958041616384e+18
1.251399714532146176e+18
1.250766922274359040e+18
1.250134593449908992e+18
1.249502719272630272e+18
1.248871418030318080e+18
1.248240607704236288e+18
1.247610349801604864e+18
1.246980610615683840e+18
1.246351255366563840e+18
1.245722413743818752e+18
1.245093999944720128e+18
1.244466068626352384e+18
1.243838724857059584e+18
1.243211857407163392e+18
1.242585535268935680e+18
1.241959683309737216e+18
1.241334248962881280e+18
1.240709293770514432e+18
1.240084778514483712e+18
1.239460801117959168e+18
1.238837342335599872e+18
1.238214407964886272e+18
1.237591994626263808e+18
1.236969975405973760e+18
1.236348456362145536e+18
1.235727357170672384e+18
1.235106719919757824e+18
1.234486672314311424e+18
1.233867086926060032e+18
1.233248044524768512e+18
1.232629485578355200e+18
1.232011318667632384e+18
1.231393640809185536e+18
1.230776390056231168e+18
1.230159646224646656e+18
1.229543444673026304e+18
1.228927737585056256e+18
1.228312553927434752e+18
1.227697788232337152e+18
1.227083484556644864e+18
1.226469608819494144e+18
1.225856180223768320e+18
1.225243326879312128e+18
1.224630931890661632e+18
1.224019075965667072e+18
1.223407712964402432e+18
1.222796724327943424e+18
1.222186228932105216e+18
1.221576149654276608e+18
1.220966550416985344e+18
1.220357509215557632e+18
1.219748938546188544e+18
1.219140892045508352e+18
1.218533283407252224e+18
1.217926097919579904e+18
1.217319360332179712e+18
1.216713054232631040e+18
1.216107290034552832e+18
1.215502001840150272e+18
1.214897240502542592e+18
1.214292977454408960e+18
1.213689079593377792e+18
1.213085673192820480e+18
1.212482673730333952e+18
1.211880131406587392e+18
1.211278155119494656e+18
1.210676631332342272e+18
1.210075630824591616e+18
1.209475084211336704e+18
1.208874929906654720e+18
1.208275237661400064e+18
1.207675963118695936e+18
1.207077197308254720e+18
1.206478935541222912e+18
1.205881169471447808e+18
1.205283904203241984e+18
1.204687021273132288e+18
1.204090609004182784e+18
1.203494599043743232e+18
1.202899027222736128e+18
1.202304021835393280e+18
1.201709456701016832e+18
1.201115412360694272e+18
1.200521834153879808e+18
1.199928625286125824e+18
1.199335886946465792e+18
1.198743554356349696e+18
1.198151701363756544e+18
1.197560373835746816e+18
1.196969514310016000e+18
1.196379157703619840e+18
1.195789205971739136e+18
1.195199686747787008e+18
1.194610582369402880e+18
1.194021902207928064e+18
1.193433768786739712e+18
1.192846075362175744e+18
1.192258898681119232e+18
1.191672196652645120e+18
1.191085848715312896e+18
1.190499974193851136e+18
1.189914495266034688e+18
1.189329470758551552e+18
1.188744985408988928e+18
1.188160946239430656e+18
1.187577410482886912e+18
1.186994298285511424e+18
1.186411582677917952e+18
1.185829300181220608e+18
1.185247427196463360e+18
1.184666066510240256e+18
1.184085169070817280e+18
1.183504771429363712e+18
1.182924851945635328e+18
1.182345284426215680e+18
1.181766184963184896e+18
1.181187472700601088e+18
1.180609193563484160e+18
1.180031459698660864e+18
1.179454155951865600e+18
1.178877354518763776e+18
1.178300991551263232e+18
1.177724997093102848e+18
1.177149448341015040e+18
1.176574296216922112e+18
1.175999625086697728e+18
1.175425444083099904e+18
1.174851731555433216e+18
1.174278500631552000e+18
1.173705641026682880e+18
1.173133224058657024e+18
1.172561192737067776e+18
1.171989577054828288e+18
1.171418505325839616e+18
1.170847853303285248e+18
1.170277700932499200e+18
1.169707998227449088e+18
1.169138643640622592e+18
1.168569741792716032e+18
1.168001225475326976e+18
1.167433162782648320e+18
1.166865609397655040e+18
1.166298499011440896e+18
1.165731872055020032e+18
1.165165637654814720e+18
1.164599807812197888e+18
1.164034380373621760e+18
1.163469355385050368e+18
1.162904847871902976e+18
1.162340767011484672e+18
1.161777179687258112e+18
1.161214049592939776e+18
1.160651254769953024e+18
1.160088914261831680e+18
1.159526949939419136e+18
1.158965415734142464e+18
1.158404402465281024e+18
1.157843812452427008e+18
1.157283706105930752e+18
1.156724009790302208e+18
1.156164685022542848e+18
1.155605779231835648e+18
1.155047262109759744e+18
1.154489229069713152e+18
1.153931648323035136e+18
1.153374539291677696e+18
1.152817890519247488e+18
1.152261581436981632e+18
1.151705717960016768e+18
1.151150223043566464e+18
1.150595138525957760e+18
1.150040579164343808e+18
1.149486428942286848e+18
1.148932761063635584e+18
1.148379516998690304e+18
1.147826619127522688e+18
1.147274151263942144e+18
1.146722060063258112e+18
1.146170423464158848e+18
1.145619263629226880e+18
1.145068546508480896e+18
1.144518292756125824e+18
1.143968399988702336e+18
1.143418923132480512e+18
1.142869816398734464e+18
1.142321106103264768e+18
1.141772913511405696e+18
1.141225123664710528e+18
1.140677813308214784e+18
1.140130936925629824e+18
1.139584388895692288e+18
1.139038276465114240e+18
1.138492530434140672e+18
1.137947213364629248e+18
1.137402390006078336e+18
1.136857986068059008e+18
1.136314047022467072e+18
1.135770488908922112e+18
1.135227308943335808e+18
1.134684519507387392e+18
1.134142111863368192e+18
1.133600192943494144e+18
1.133058689639058176e+18
1.132517657036678400e+18
1.131977065013436288e+18
1.131436790875152384e+18
1.130896952590654208e+18
1.130357472152443904e+18
1.129818398804845440e+18
1.129279828731820416e+18
1.128741660386931712e+18
1.128203956902543232e+18
1.127666650620764672e+18
1.127129692344311808e+18
1.126593139483241216e+18
1.126056955532393216e+18
1.125521228791970304e+18
1.124985943838115328e+18
1.124451103983987712e+18
1.123916707394164864e+18
1.123382639741433088e+18
1.122848994877980416e+18
1.122315701611951232e+18
1.121782797265463040e+18
1.121250398511675008e+18
1.120718389291009792e+18
1.120186843371764224e+18
1.119655707317177728e+18
1.119124896605636864e+18
1.118594500775817216e+18
1.118064462706552064e+18
1.117534854152567936e+18
1.117005709460256640e+18
1.116476983148848768e+18
1.115948702866523264e+18
1.115420773848455296e+18
1.114893232853134592e+18
1.114366052397247360e+18
1.113839247864611840e+18
1.113312935205520768e+18
1.112787009743555840e+18
1.112261544524948736e+18
1.111736498291076096e+18
1.111211762081154176e+18
1.110687444899638912e+18
1.110163476029165824e+18
1.109639912727605760e+18
1.109116828007196672e+18
1.108594140524138880e+18
1.108071900282963328e+18
1.107550029972643328e+18
1.107028512922671104e+18
1.106507375015385728e+18
1.105986599304939904e+18
1.105466284914307328e+18
1.104946375577768704e+18
1.104426915309213184e+18
1.103907878628532480e+18
1.103389145941812992e+18
1.102870830168049792e+18
1.102352854924784896e+18
1.101835264984559104e+18
1.101318161124757248e+18
1.100801438831921536e+18
1.100285163470149504e+18
1.099769273112164096e+18
1.099253708698639488e+18
1.098738536632126720e+18
1.098223714757522304e+18
1.097709324527535360e+18
1.097195365933900672e+18
1.096681827261393920e+18
1.096168715699419904e+18
1.095655925252952832e+18
1.095143531431554688e+18
1.094631475337830400e+18
1.094119787894971264e+18
1.093608586944019200e+18
1.093097757262961792e+18
1.092587372706266240e+18
1.092077384698057216e+18
1.091567702630089472e+18
1.091058420812642688e+18
1.090549478872341248e+18
1.090040942629291520e+18
1.089532857716012160e+18
1.089025168249921280e+18
1.088517908307192192e+18
1.088010990454101120e+18
1.087504434286101504e+18
1.086998229475632256e+18
1.086492381116892032e+18
1.085986999565090944e+18
1.085481991220642432e+18
1.084977424465224960e+18
1.084473262338758784e+18
1.083969393328104576e+18
1.083465927266609792e+18
1.082962792427037824e+18
1.082460040998097792e+18
1.081957753398909440e+18
1.081455842221057152e+18
1.080954361459718272e+18
1.080453240184004736e+18
1.079952448786012672e+18
1.079452025555848448e+18
1.078951945947350912e+18
1.078452301563009280e+18
1.077953054444585472e+18
1.077454231165214464e+18
1.076955816054040960e+18
1.076457695314920832e+18
1.075959971597624960e+18
1.075462572076614016e+18
1.074965537274740608e+18
1.074468971739378560e+18
1.073972768949441280e+18
1.073476995976790656e+18
1.072981596371945088e+18
1.072486502116443776e+18
1.071991787558144384e+18
1.071497405471482752e+18
1.071003430732674048e+18
1.070509877751295232e+18
1.070016720921490176e+18
1.069523975829595392e+18
1.069031544501101824e+18
1.068539485056854784e+18
1.068047750107361792e+18
1.067556365626902272e+18
1.067065447092903936e+18
1.066574883792841600e+18
1.066084748245153536e+18
1.065594996496570112e+18
1.065105532718315136e+18
1.064616454980066432e+18
1.064127700213385472e+18
1.063639328558837760e+18
1.063151395987941248e+18
1.062663837303346432e+18
1.062176692411018880e+18
1.061689880916350848e+18
1.061203406303107200e+18
1.060717274194940416e+18
1.060231480068972416e+18
1.059746126079711744e+18
1.059261137451051008e+18
1.058776569977672832e+18
1.058292393345365632e+18
1.057808494326949120e+18
1.057324982597046144e+18
1.056841785959181312e+18
1.056358951773848960e+18
1.055876566961129728e+18
1.055394539095198592e+18
1.054912925587398016e+18
1.054431661612764288e+18
1.053950705622798592e+18
1.053470107166546688e+18
1.052989834736244224e+18
1.052509972707073536e+18
1.052030500763051776e+18
1.051551427976557696e+18
1.051072749105919104e+18
1.050594355735825408e+18
1.050116340226433408e+18
1.049638633521318016e+18
1.049161272122185088e+18
1.048684363472572928e+18
1.048207800061666432e+18
1.047731650112530688e+18
1.047255862395185152e+18
1.046780360883595904e+18
1.046305226767079296e+18
1.045830408360500864e+18
1.045355974239523712e+18
1.044881952187493376e+18
1.044408303900592256e+18
1.043935052703820544e+18
1.043462108328012416e+18
1.042989510663090816e+18
1.042517228506851456e+18
1.042045279560609408e+18
1.041573773087909504e+18
1.041102608716643456e+18
1.040631855474255232e+18
1.040161473785909376e+18
1.039691363517639296e+18
1.039221625429256576e+18
1.038752194346152832e+18
1.038283124989839232e+18
1.037814482676267008e+18
1.037346194036255232e+18
1.036878304176394496e+18
1.036410739445084544e+18
1.035943488310246144e+18
1.035476571089626624e+18
1.035009974344658048e+18
1.034543792344889088e+18
1.034077968096227456e+18
1.033612545667635840e+18
1.033147500556256256e+18
1.032682719434422656e+18
1.032218310047581056e+18
1.031754200544457856e+18
1.031290433704083712e+18
1.030827101993338240e+18
1.030364109072717696e+18
1.029901515163867136e+18
1.029439261268857472e+18
1.028977294941230848e+18
1.028515675786291968e+18
1.028054366003052416e+18
1.027593443036659712e+18
1.027132903067581056e+18
1.026672738971989888e+18
1.026212955215792768e+18
1.025753451290208768e+18
1.025294301756130816e+18
1.024835449031561600e+18
1.024376923339866752e+18
1.023918834098152448e+18
1.023461073880607360e+18
1.023003711473327744e+18
1.022546700602369536e+18
1.022089958232571392e+18
1.021633571236065536e+18
1.021177484109343488e+18
1.020721759408085760e+18
1.020266437200951424e+18
1.019811467731622912e+18
1.019356881376347392e+18
1.018902595252926336e+18
1.018448631080345344e+18
1.017994975890233728e+18
1.017541636460332160e+18
1.017088716927877888e+18
1.016636127294486016e+18
1.016183932861451776e+18
1.015732098182596096e+18
1.015280519781761664e+18
1.014829299984206208e+18
1.014378372128812288e+18
1.013927785783624064e+18
1.013477614568816512e+18
1.013027778140274304e+18
1.012578326146192768e+18
1.012129191378038400e+18
1.011680348426336768e+18
1.011231830995284096e+18
1.010783617459668224e+18
1.010335794523037824e+18
1.009888323652587776e+18
1.009441232820860416e+18
1.008994505556129280e+18
1.008548034894107648e+18
1.008101918269109248e+18
1.007656087205805440e+18
1.007210580154043008e+18
1.006765494126701568e+18
1.006320730029149056e+18
1.005876350257086080e+18
1.005432301356327296e+18
1.004988521069194880e+18
1.004545077802569984e+18
1.004101928159211136e+18
1.003659142955319680e+18
1.003216733681014272e+18
1.002774678370070912e+18
1.002332990447265792e+18
1.001891577439733120e+18
1.001450495812961792e+18
1.001009699954625792e+18
1.000569214471055488e+18
1.000129148272398336e+18
9.996893966585219840e+17
9.992500278561071360e+17
9.988110002788729600e+17
9.983722249262965760e+17
9.979337931415320320e+17
9.974956462732303360e+17
9.970578411420271360e+17
9.966204289707375360e+17
9.961833498469571840e+17
9.957466404826682880e+17
9.953102250613177600e+17
9.948741083691928320e+17
9.944382942539389440e+17
9.940027793621035520e+17
9.935676600022485760e+17
9.931328645128053760e+17
9.926984463009557760e+17
9.922643764326065920e+17
9.918305490986812160e+17
9.913970670111991040e+17
9.909638626721013760e+17
9.905309807664172800e+17
9.900985021342081280e+17
9.896663407056497920e+17
9.892345499826129920e+17
9.888030688961058560e+17
9.883718593386908160e+17
9.879409670445917440e+17
9.875103629576369920e+17
9.870801265373006080e+17
9.866502376554282240e+17
9.862207059586813440e+17
9.857915258904067840e+17
9.853625956702295040e+17
9.849340023796006400e+17
9.845056811819421440e+17
9.840776664555010560e+17
9.836500587130775040e+17
9.832227573168458240e+17
9.827958261707697920e+17
9.823692170769515520e+17
9.819428590958481920e+17
9.815168281308213760e+17
9.810910759129989120e+17
9.806656669343128320e+17
9.802406267683470080e+17
9.798159200077725440e+17
9.793915682614287360e+17
9.789674867494228480e+17
9.785437133335267840e+17
9.781202183875988480e+17
9.776970187430707200e+17
9.772742169816281600e+17
9.768517187714485760e+17
9.764295889780620800e+17
9.760077904297859840e+17
9.755862292484846080e+17
9.751649999847874560e+17
9.747440415385351680e+17
9.743234052844029440e+17
9.739031524269802240e+17
9.734832142435416320e+17
9.730636330391144960e+17
9.726443397387189760e+17
9.722253234717652480e+17
9.718066034389103360e+17
9.713881669723943680e+17
9.709701025171262720e+17
9.705523566874666240e+17
9.701349708497813760e+17
9.697179219993402880e+17
9.693011038933844480e+17
9.688846175543404800e+17
9.684683956075777280e+17
9.680524781302184960e+17
9.676369520550792960e+17
9.672217268867596800e+17
9.668068592647882240e+17
9.663922939527918080e+17
9.659779813644204800e+17
9.655639778602042880e+17
9.651502477344757760e+17
9.647368635273390080e+17
9.643238221906604800e+17
9.639111165559225600e+17
9.634987511451011840e+17
9.630866318988026880e+17
9.626748280739983360e+17
9.622632861676322560e+17
9.618520342773022720e+17
9.614411753255493120e+17
9.610306083954530560e+17
9.606203982046149120e+17
9.602105015199825920e+17
9.598008398908791040e+17
9.593914953629487360e+17
9.589824155471906560e+17
9.585736589193433600e+17
9.581652638722135040e+17
9.577571830046745600e+17
9.573494453095777280e+17
9.569419733551850240e+17
9.565347863267427840e+17
9.561278733547210240e+17
9.557212400317574400e+17
9.553149839752165120e+17
9.549090212798730240e+17
9.545034131647776000e+17
9.540981265952604160e+17
9.536930639461998080e+17
9.532883216615454720e+17
9.528838369191718400e+17
9.524796559408510720e+17
9.520758487005486080e+17
9.516723390590154240e+17
9.512691741452294400e+17
9.508662912991269120e+17
9.504636653053534720e+17
9.500613292107907840e+17
9.496592618739481600e+17
9.492575442210092800e+17
9.488561418708070400e+17
9.484550793096753920e+17
9.480543421603284480e+17
9.476538302597199360e+17
9.472536342921550080e+17
9.468536901688359680e+17
9.464540336385758720e+17
9.460547565581116160e+17
9.456557653563390720e+17
9.452571190670336000e+17
9.448587679762832640e+17
9.444606522762970880e+17
9.440628375041598720e+17
9.436652821112111360e+17
9.432680520455128320e+17
9.428711599797213440e+17
9.424745834831728640e+17
9.420783362968803840e+17
9.416823323191916800e+17
9.412866224345461760e+17
9.408911652464325120e+17
9.404959835394458880e+17
9.401011789355992320e+17
9.397066541310910720e+17
9.393124730753189120e+17
9.389185972048007680e+17
9.385249417687622400e+17
9.381315935529429760e+17
9.377384968259377920e+17
9.373457043586224640e+17
9.369532660618470400e+17
9.365611240327937280e+17
9.361693138237217280e+17
9.357777650044719360e+17
9.353864794917436160e+17
9.349954635590219520e+17
9.346047124617377280e+17
9.342143158137726720e+17
9.338242090403224320e+17
9.334344405815130880e+17
9.330449842012851200e+17
9.326557397000972800e+17
9.322668040514005760e+17
9.318781134651889920e+17
9.314897093072218880e+17
9.311016690694483200e+17
9.307139106368418560e+17
9.303264851674520320e+17
9.299393360870045440e+17
9.295524251827763200e+17
9.291657977983864320e+17
9.287794251822538240e+17
9.283933810885873920e+17
9.280076498121511680e+17
9.276222372368011520e+17
9.272371400764485120e+17
9.268522632813556480e+17
9.264676868991662080e+17
9.260833506701095680e+17
9.256992862221376000e+17
9.253155891262609920e+17
9.249321641343674880e+17
9.245490719042013440e+17
9.241662679310252800e+17
9.237836834806032640e+17
9.234013917717480960e+17
9.230193462437817600e+17
9.226376065825667840e+17
9.222561997886772480e+17
9.218750897635989760e+17
9.214942985852660480e+17
9.211137477431691520e+17
9.207334688069542400e+17
9.203534381081615360e+17
9.199736689744870400e+17
9.195942573601080320e+17
9.192151163579576320e+17
9.188363065926064640e+17
9.184577938711331840e+17
9.180794883932078080e+17
9.177014802353160960e+17
9.173237111270924800e+17
9.169462284490342400e+17
9.165690922928020480e+17
9.161922357898223360e+17
9.158157002031769600e+17
9.154394217560270080e+17
9.150633865363983360e+17
9.146876163081381120e+17
9.143120969119818240e+17
9.139369102072211200e+17
9.135620099692913920e+17
9.131874326095467520e+17
9.128131570391865600e+17
9.124390847251773440e+17
9.120653087305647360e+17
9.116917660874000640e+17
9.113184936060606720e+17
9.109455750068677120e+17
9.105729236858839040e+17
9.102005940100620800e+17
9.098285351593967360e+17
9.094566973056563200e+17
9.090851364978831360e+17
9.087138172605984000e+17
9.083428065245454080e+17
9.079721057735175680e+17
9.076017039885703680e+17
9.072316080335409920e+17
9.068617310409730560e+17
9.064921334232185600e+17
9.061227679935258880e+17
9.057536595757888000e+17
9.053849062055105280e+17
9.050164124043859200e+17
9.046482396574156800e+17
9.042803483526983680e+17
9.039126621613313280e+17
9.035452604447118080e+17
9.031780924851421440e+17
9.028112120385740800e+17
9.024446590077418240e+17
9.020783852610127360e+17
9.017124203090808320e+17
9.013466928651047680e+17
9.009812157928355840e+17
9.006159841697199360e+17
9.002510000728555520e+17
8.998863537330627840e+17
8.995219713224499200e+17
8.991579072108517120e+17
8.987941321379946240e+17
8.984305525434059520e+17
8.980672602984360960e+17
8.977041954225392640e+17
8.973414002234035200e+17
8.969789436008870400e+17
8.966167512997171200e+17
8.962548694216441600e+17
8.958932404932456960e+17
8.955318362449921280e+17
8.951706922400762880e+17
8.948097858475726080e+17
8.944491915394343680e+17
8.940888829013402880e+17
8.937288769952090880e+17
8.933691638787555840e+17
8.930096501306924800e+17
8.926504184369953280e+17
8.922914091276381440e+17
8.919326547619262720e+17
8.915742439613098240e+17
8.912160871653241600e+17
8.908582411047276800e+17
8.905006603799043840e+17
8.901432849628597760e+17
8.897861799755151360e+17
8.894293041268864000e+17
8.890727178744798720e+17
8.887164383746680320e+17
8.883604394421967360e+17
8.880047371295731200e+17
8.876492523649177600e+17
8.872940270467946240e+17
8.869390267215340800e+17
8.865842712051248640e+17
8.862298545435119360e+17
8.858756879551040000e+17
8.855218311184838400e+17
8.851682489952222720e+17
8.848148590298184960e+17
8.844617451432888320e+17
8.841088533396339200e+17
8.837562317795968000e+17
8.834039318099500800e+17
8.830518949405507840e+17
8.827001571889766400e+17
8.823486541237002240e+17
8.819973814648206080e+17
8.816463512423952640e+17
8.812955552840762880e+17
8.809450758680782080e+17
8.805948586542625280e+17
8.802449451011923200e+17
8.798953126766238720e+17
8.795458653878146560e+17
8.791966953589438720e+17
8.788477417531604480e+17
8.784990421259701760e+17
8.781506727778883840e+17
8.778025536886460160e+17
8.774547349032296960e+17
8.771071649000880640e+17
8.767598025540441600e+17
8.764126954987262720e+17
8.760658135948259840e+17
8.757192242951966720e+17
8.753729196688995840e+17
8.750268984231616000e+17
8.746811615885324800e+17
8.743356220632250880e+17
8.739903479407169280e+17
8.736452873278766080e+17
8.733004674692698880e+17
8.729559805229703680e+17
8.726117355495276800e+17
8.722677907737041920e+17
8.719241058800405760e+17
8.715806120900216320e+17
8.712373819250530560e+17
8.708943692090037760e+17
8.705516282780976640e+17
8.702091904156654080e+17
8.698670160430419200e+17
8.695251294204037120e+17
8.691834588846355200e+17
8.688420263687386880e+17
8.685008175742137600e+17
8.681598402652096000e+17
8.678191838207392000e+17
8.674787699083269120e+17
8.671386548144506880e+17
8.667988077517710080e+17
8.664591413422314240e+17
8.661197424399617280e+17
8.657805546729141760e+17
8.654416209437406720e+17
8.651030025531013120e+17
8.647646323664830720e+17
8.644265519609711360e+17
8.640887033910798080e+17
8.637510668230625280e+17
8.634136694119041280e+17
8.630764937551708160e+17
8.627396145647179520e+17
8.624029966839718400e+17
8.620666664120948480e+17
8.617306083268995840e+17
8.613947309342873600e+17
8.610591183064724480e+17
8.607237118680657920e+17
8.603885447460812800e+17
8.600536991994827520e+17
8.597190911071121920e+17
8.593847735386380800e+17
8.590507005711586560e+17
8.587168197563141120e+17
8.583831890315761920e+17
8.580497717326464000e+17
8.577166286625395200e+17
8.573837687390279680e+17
8.570511741880320000e+17
8.567188559757011200e+17
8.563867349629297920e+17
8.560548599946878720e+17
8.557231918739696640e+17
8.553917516623664640e+17
8.550606326528992000e+17
8.547297451497793280e+17
8.543991476440102400e+17
8.540688045656623360e+17
8.537386398682705920e+17
8.534087317586150400e+17
8.530790301276469760e+17
8.527495835440264960e+17
8.524204358434126080e+17
8.520915358628734720e+17
8.517629150696225280e+17
8.514345088223104000e+17
8.511063207673890560e+17
8.507783548331966720e+17
8.504506078083864320e+17
8.501231618993767680e+17
8.497959564160500480e+17
8.494690367955345920e+17
8.491423785333684480e+17
8.488158908688576000e+17
8.484896619192386560e+17
8.481636338621623040e+17
8.478378446817651200e+17
8.475123641105102080e+17
8.471871181231115520e+17
8.468621528873464320e+17
8.465374165735086080e+17
8.462128754113039360e+17
8.458885698186224640e+17
8.455644742004718080e+17
8.452406560889158400e+17
8.449170999291212800e+17
8.445938124073212160e+17
8.442707897870223360e+17
8.439479453462709760e+17
8.436253527087746560e+17
8.433029567185834240e+17
8.429807864010176000e+17
8.426589284966539520e+17
8.423372964899560960e+17
8.420159455336218880e+17
8.416948349484272640e+17
8.413739025258272000e+17
8.410532147028490240e+17
8.407327292936998400e+17
8.404125008219193600e+17
8.400925533934698240e+17
8.397728546591290880e+17
8.394534244657384960e+17
8.391341912322045440e+17
8.388151840867581440e+17
8.384963812102508800e+17
8.381777949139228160e+17
8.378595126719682560e+17
8.375414551903116800e+17
8.372236778103796480e+17
8.369061493666848000e+17
8.365887880607303680e+17
8.362716760297606400e+17
8.359547602059381760e+17
8.356380837459153920e+17
8.353217014340113920e+17
8.350055523684796160e+17
8.346896742032852480e+17
8.343740089315472640e+17
8.340585436165096960e+17
8.337432984541411840e+17
8.334282603501144320e+17
8.331135038006945280e+17
8.327989870298680320e+17
8.324847430899636480e+17
8.321707527806745600e+17
8.318569265195036160e+17
8.315433488881606400e+17
8.312299625916202240e+17
8.309168010376089600e+17
8.306039408363064320e+17
8.302913028648308480e+17
8.299789368913483520e+17
8.296667968305688320e+17
8.293548366205713920e+17
8.290431080455971840e+17
8.287315783738929920e+17
8.284203083447311360e+17
8.281093002575475200e+17
8.277985431904048640e+17
8.274880439825428480e+17
8.271777238953930240e+17
8.268676367874722560e+17
8.265577405175806720e+17
8.262480572788440320e+17
8.259386767818592000e+17
8.256295118658279680e+17
8.253206188016369920e+17
8.250119617969140480e+17
8.247034704766261760e+17
8.243952179351216640e+17
8.240871574888445440e+17
8.237793377534341120e+17
8.234717963364508160e+17
8.231644882527449600e+17
8.228574411571344640e+17
8.225505906222670080e+17
8.222439465200058880e+17
8.219375063409224960e+17
8.216312708044586240e+17
8.213253215809556480e+17
8.210195933555486720e+17
8.207141344642599680e+17
8.204089189476730880e+17
8.201038608047488000e+17
8.197990443071651840e+17
8.194944144244884480e+17
8.191900092588602880e+17
8.188858929103086080e+17
8.185819966203456000e+17
8.182783631895966720e+17
8.179749408579089920e+17
8.176717018332716800e+17
8.173686805888522240e+17
8.170658552562133760e+17
8.167632930250460160e+17
8.164609724874673920e+17
8.161589065480930560e+17
8.158570877668846080e+17
8.155554313480344320e+17
8.152540114608844800e+17
8.149527740171671040e+17
8.146517481929431040e+17
8.143510158897264640e+17
8.140504947201657600e+17
8.137502370408417280e+17
8.134502021382799360e+17
8.131503333317935360e+17
8.128506918404838400e+17
8.125512388701191680e+17
8.122520287547592960e+17
8.119530798776448000e+17
8.116543657430794240e+17
8.113559026401818880e+17
8.110576195030882560e+17
8.107595508183429120e+17
8.104616690928683520e+17
8.101639900621525760e+17
8.098665991594100480e+17
8.095694169459511040e+17
8.092724976308634880e+17
8.089758099498106880e+17
8.086792769860272640e+17
8.083829766105450240e+17
8.080868586862480640e+17
8.077909662938007040e+17
8.074953488293169920e+17
8.071999506444472320e+17
8.069048061112224000e+17
8.066098575519728640e+17
8.063150973939589120e+17
8.060205403519514880e+17
8.057261767160983040e+17
8.054320803367709440e+17
8.051382055433415680e+17
8.048445877239694080e+17
8.045512075373288960e+17
8.042579765956308480e+17
8.039649792349849600e+17
8.036721595583301120e+17
8.033795509728817920e+17
8.030872252317108480e+17
8.027951076388007680e+17
8.025032450812707840e+17
8.022115916573367040e+17
8.019201064727912960e+17
8.016288362557423360e+17
8.013377514892015360e+17
8.010469124598069760e+17
8.007563164486942720e+17
8.004659578158574080e+17
8.001758402295889920e+17
7.998858857910302720e+17
7.995961517584327680e+17
7.993065940413338880e+17
7.990172358174126080e+17
7.987281626603788800e+17
7.984392907920660480e+17
7.981506741235203840e+17
7.978622769390752000e+17
7.975740336405909760e+17
7.972860129149694720e+17
7.969981709986105600e+17
7.967105562086946560e+17
7.964232012182460160e+17
7.961360660225295360e+17
7.958491752184482560e+17
7.955624649925716480e+17
7.952759497777041920e+17
7.949896222808640000e+17
7.947034861391258880e+17
7.944176220510215680e+17
7.941319617392417280e+17
7.938465553729644800e+17
7.935613760707345920e+17
7.932763420304160000e+17
7.929915339799992320e+17
7.927068993938543360e+17
7.924224761921176320e+17
7.921383238193711360e+17
7.918543779710014720e+17
7.915706786270718720e+17
7.912871744555362560e+17
7.910038422730187520e+17
7.907207119043505920e+17
7.904377643877323520e+17
7.901550661729292800e+17
7.898725917203376640e+17
7.895903584180520960e+17
7.893083561629117440e+17
7.890265022145237760e+17
7.887448705328554240e+17
7.884634082489794560e+17
7.881821444370213120e+17
7.879011568101093120e+17
7.876203666917845760e+17
7.873398239750277120e+17
7.870594882272360960e+17
7.867793072308427520e+17
7.864993379140066560e+17
7.862195442538767360e+17
7.859399800377192960e+17
7.856606593601114880e+17
7.853815601941035520e+17
7.851026961224359680e+17
7.848239970004567040e+17
7.845455008999124480e+17
7.842671764564259840e+17
7.839890417420835840e+17
7.837111800528135680e+17
7.834335125130974720e+17
7.831560920726117120e+17
7.828788876378752000e+17
7.826018264237639680e+17
7.823249825815059200e+17
7.820483084905310720e+17
7.817718468404344320e+17
7.814956427756885760e+17
7.812196448784386560e+17
7.809438848945588480e+17
7.806683058433913600e+17
7.803929040193059840e+17
7.801176901226261760e+17
7.798426569214778880e+17
7.795678772172576000e+17
7.792933029568052480e+17
7.790189709169007360e+17
7.787448611967224320e+17
7.784708887974635520e+17
7.781971353443682560e+17
7.779235470096623360e+17
7.776501569291284480e+17
7.773770328279143680e+17
7.771041037872078080e+17
7.768314142670127360e+17
7.765589188766008320e+17
7.762865806789817600e+17
7.760144424652801280e+17
7.757424772145007360e+17
7.754707443947285760e+17
7.751992378204113920e+17
7.749279555894600960e+17
7.746568991323050240e+17
7.743859917988789760e+17
7.741152927040183040e+17
7.738447567804024320e+17
7.735744077031335680e+17
7.733043274212896000e+17
7.730344352738877440e+17
7.727647830581598720e+17
7.724953354204353280e+17
7.722260306252599040e+17
7.719569337122946560e+17
7.716880033132144640e+17
7.714192871199921920e+17
7.711508141435272960e+17
7.708825481557212160e+17
7.706145114448943360e+17
7.703466411854900480e+17
7.700789547688170240e+17
7.698114417288536320e+17
7.695441076415161600e+17
7.692770314039886080e+17
7.690101446294001920e+17
7.687434970172186880e+17
7.684770617186844160e+17
7.682107605221925120e+17
7.679446710023467520e+17
7.676787428138775040e+17
7.674130134092843520e+17
7.671475385609018880e+17
7.668822575659646720e+17
7.666172081431969280e+17
7.663523397253969920e+17
7.660876324040701440e+17
7.658231126395217920e+17
7.655587635740206080e+17
7.652946505458620160e+17
7.650307455318142720e+17
7.647670687261273600e+17
7.645036083634292480e+17
7.642402838536348160e+17
7.639771682870663680e+17
7.637142101192326400e+17
7.634514380796925440e+17
7.631889263774895360e+17
7.629265995579221760e+17
7.626645054133314560e+17
7.624026040894918400e+17
7.621408467768775680e+17
7.618792870583280640e+17
7.616178910624616960e+17
7.613567116944480000e+17
7.610957601466309120e+17
7.608350175029606400e+17
7.605744954682952960e+17
7.603141251964834560e+17
7.600539462347741440e+17
7.597939263423490560e+17
7.595340836248842240e+17
7.592744995958150400e+17
7.590150965609262080e+17
7.587559261266942720e+17
7.584969576268053760e+17
7.582381216410553600e+17
7.579794891971832320e+17
7.577210147601452800e+17
7.574627403313669120e+17
7.572047079183129600e+17
7.569468693069212160e+17
7.566892542665474560e+17
7.564318068565273600e+17
7.561745258020104960e+17
7.559174192120257280e+17
7.556604814599020800e+17
7.554037839235988480e+17
7.551472776016139520e+17
7.548909997457656320e+17
7.546349302704314880e+17
7.543789873291129600e+17
7.541232498401096960e+17
7.538676658862814720e+17
7.536122680749811200e+17
7.533571209364618240e+17
7.531021566448501760e+17
7.528474176975805440e+17
7.525928595216181760e+17
7.523384479626618880e+17
7.520842229797128960e+17
7.518301593467018240e+17
7.515763153721404160e+17
7.513226828841913600e+17
7.510692622314274560e+17
7.508160535008417280e+17
7.505629816692181760e+17
7.503101062508590080e+17
7.500573821337012480e+17
7.498048330119763200e+17
7.495525377520586240e+17
7.493004184792481280e+17
7.490485251503806720e+17
7.487968230421035520e+17
7.485452533787121920e+17
7.482938783279351040e+17
7.480426583936692480e+17
7.477916403370741760e+17
7.475408507322164480e+17
7.472902559517747200e+17
7.470398767018396160e+17
7.467896514912584960e+17
7.465395991499636480e+17
7.462897075780665600e+17
7.460399833598613760e+17
7.457905032868615680e+17
7.455412001377672960e+17
7.452921223731148800e+17
7.450432436207527680e+17
7.447944886377509120e+17
7.445459322801774080e+17
7.442975260441922560e+17
7.440493066463825920e+17
7.438013271470984960e+17
7.435535295923889920e+17
7.433059499916075520e+17
7.430585388553498880e+17
7.428112782757478400e+17
7.425641925885365760e+17
7.423172662707975680e+17
7.420705632052012800e+17
7.418240544408567040e+17
7.415777613841820160e+17
7.413316715557922560e+17
7.410857065858996480e+17
7.408399381122311680e+17
7.405943159881030400e+17
7.403488683694229760e+17
7.401036666467677440e+17
7.398586380680574720e+17
7.396138286964664320e+17
7.393691995335335680e+17
7.391247041590472960e+17
7.388803937398745600e+17
7.386362359544327680e+17
7.383922825143906560e+17
7.381485430266961920e+17
7.379050003846887680e+17
7.376616652057978880e+17
7.374184702900101120e+17
7.371754552649556480e+17
7.369325880745327360e+17
7.366898864539544320e+17
7.364474298968866560e+17
7.362051424359072000e+17
7.359630742793464320e+17
7.357211954279552000e+17
7.354794390728427520e+17
7.352378737259563520e+17
7.349964555098755840e+17
7.347552254611312640e+17
7.345142235178648320e+17
7.342734036723301120e+17
7.340327943436961280e+17
7.337923409479923200e+17
7.335520432852947200e+17
7.333119082261690880e+17
7.330719309236275200e+17
7.328321809872509440e+17
7.325926098099335680e+17
7.323532542544071680e+17
7.321140944855900160e+17
7.318750513301146880e+17
7.316362012746755840e+17
7.313974940646257920e+17
7.311589615387146240e+17
7.309206658411173120e+17
7.306825415566524160e+17
7.304446296762159360e+17
7.302068867282334720e+17
7.299692802253721600e+17
7.297318483548864000e+17
7.294945670177071360e+17
7.292574930480348160e+17
7.290206176785772800e+17
7.287839421030292480e+17
7.285474659079077120e+17
7.283111160433840640e+17
7.280749510642092800e+17
7.278389266909295360e+17
7.276030661804115200e+17
7.273674458568500480e+17
7.271319902756762880e+17
7.268967478330602240e+17
7.266616846848629760e+17
7.264267441492384000e+17
7.261919862787393280e+17
7.259573729453996800e+17
7.257229496969717760e+17
7.254887418275760640e+17
7.252547171911534080e+17
7.250208956002365440e+17
7.247872172161987840e+17
7.245537008867663360e+17
7.243203343234762240e+17
7.240871242481560320e+17
7.238541452769789440e+17
7.236213319138566400e+17
7.233887312849538560e+17
7.231563177068679680e+17
7.229240182986959360e+17
7.226919056402672640e+17
7.224599327349953280e+17
7.222281353149879040e+17
7.219965646417378560e+17
7.217651646879420160e+17
7.215339702817186560e+17
7.213029332991618560e+17
7.210720366375992320e+17
7.208413036784170240e+17
7.206107195106937600e+17
7.203803462456442880e+17
7.201501554534606080e+17
7.199201682630003200e+17
7.196903723657044480e+17
7.194606916653253120e+17
7.192311958261313280e+17
7.190018361535904000e+17
7.187726400172510720e+17
7.185436766490662400e+17
7.183148754857465600e+17
7.180862812228335360e+17
7.178578559729625600e+17
7.176295547449921280e+17
7.174014271736858880e+17
7.171734419187845120e+17
7.169456492123435520e+17
7.167180583052652800e+17
7.164906526793440000e+17
7.162634426045373440e+17
7.160363628443989760e+17
7.158094518880239360e+17
7.155826786280838400e+17
7.153560602781431040e+17
7.151296740268765440e+17
7.149034461213574400e+17
7.146774253333041920e+17
7.144515825516001280e+17
7.142258528631203840e+17
7.140003028505803520e+17
7.137748898861760000e+17
7.135496537870438400e+17
7.133246334220619520e+17
7.130997840490835200e+17
7.128751333258653440e+17
7.126506283145391360e+17
7.124262686308376320e+17
7.122020611674357760e+17
7.119780010897765120e+17
7.117541559241702400e+17
7.115304786985107200e+17
7.113070050846867200e+17
7.110837159050714880e+17
7.108605341978154240e+17
7.106375342966167040e+17
7.104146673677333760e+17
7.101919642602696960e+17
7.099694854934684160e+17
7.097471674134517760e+17
7.095250499360381440e+17
7.093030909505436160e+17
7.090812585985027840e+17
7.088595902861815040e+17
7.086380624194991360e+17
7.084167300708554240e+17
7.081955851639548160e+17
7.079746284342103040e+17
7.077538597487511040e+17
7.075332083459622400e+17
7.073127305696103680e+17
7.070923837836005120e+17
7.068721903835347200e+17
7.066522246643110400e+17
7.064324132642183680e+17
7.062128032869553920e+17
7.059933619951407360e+17
7.057740339934583040e+17
7.055548779291584000e+17
7.053358565718311680e+17
7.051170139976400640e+17
7.048983752917570560e+17
7.046799087498147840e+17
7.044616339296385280e+17
7.042434929342222080e+17
7.040255033205436160e+17
7.038076539445724160e+17
7.035899508635719680e+17
7.033724664601615360e+17
7.031551374693035520e+17
7.029380096017598720e+17
7.027210580566842880e+17
7.025042117479742720e+17
7.022875413974516480e+17
7.020710012026442240e+17
7.018546256841624320e+17
7.016384651504828160e+17
7.014224647364180480e+17
7.012066585792835840e+17
7.009910001820682240e+17
7.007754721465132800e+17
7.005600979786734080e+17
7.003448627140646400e+17
7.001298264055244800e+17
6.999149624737966080e+17
6.997002904017137920e+17
6.994857988644384000e+17
6.992714140828239360e+17
6.990572032755024640e+17
6.988431192463459840e+17
6.986291883844928000e+17
6.984154783745159680e+17
6.982019203633277440e+17
6.979885580148340480e+17
6.977753547845507840e+17
6.975622662270644480e+17
6.973493412588961280e+17
6.971365489983281920e+17
6.969239379379893760e+17
6.967115180999879680e+17
6.964992724342581760e+17
6.962872115425076480e+17
6.960752724388084480e+17
6.958634913594031360e+17
6.956518388442529280e+17
6.954403314476108800e+17
6.952290437956355840e+17
6.950179047928414720e+17
6.948069617417162240e+17
6.945961866195847680e+17
6.943855157526063360e+17
6.941750143321027840e+17
6.939646406059503360e+17
6.937544329410496000e+17
6.935444300522689280e+17
6.933345876022032640e+17
6.931249330265064960e+17
6.929154152948423680e+17
6.927060326890604800e+17
6.924967932740983040e+17
6.922876915278895360e+17
6.920787926088817920e+17
6.918700523099804160e+17
6.916615043834446080e+17
6.914531306778494720e+17
6.912448560224097280e+17
6.910367528490662400e+17
6.908287735258031360e+17
6.906209477120239360e+17
6.904133349957701120e+17
6.902058728940727040e+17
6.899986006410001920e+17
6.897914777207425280e+17
6.895844719588592640e+17
6.893776208806661120e+17
6.891709008316344320e+17
6.889643648627796480e+17
6.887580067588453120e+17
6.885518256125418240e+17
6.883458222822913280e+17
6.881399285778483200e+17
6.879341974956181760e+17
6.877285887772650240e+17
6.875231235748761600e+17
6.873178746169936640e+17
6.871127703155400960e+17
6.869078567231811840e+17
6.867031024139617280e+17
6.864984525484426240e+17
6.862939650075348480e+17
6.860896030335726080e+17
6.858854089984257280e+17
6.856814087489423360e+17
6.854775700825779200e+17
6.852739128813596160e+17
6.850703814496104960e+17
6.848669908680190720e+17
6.846637323425568000e+17
6.844606105400115200e+17
6.842576955562940160e+17
6.840549268219791360e+17
6.838523485554922240e+17
6.836499370120725760e+17
6.834476223932058880e+17
6.832454739299165440e+17
6.830434467356221440e+17
6.828415739154332160e+17
6.826399055864181760e+17
6.824383873612899840e+17
6.822370531275756800e+17
6.820358582494917120e+17
6.818347840401602560e+17
6.816338551001459200e+17
6.814330558120839680e+17
6.812324439127651840e+17
6.810319958739955200e+17
6.808317282993114880e+17
6.806316315815760640e+17
6.804316342987627520e+17
6.802318007885587200e+17
6.800320854008660480e+17
6.798325133708908800e+17
6.796331513790703360e+17
6.794339318647642880e+17
6.792348977573996800e+17
6.790360140624500480e+17
6.788372360892782080e+17
6.786386127592206080e+17
6.784401131825459200e+17
6.782417838796693760e+17
6.780436366570181120e+17
6.778456529297053440e+17
6.776478442411709440e+17
6.774501501124103680e+17
6.772526034465772800e+17
6.770551772885932800e+17
6.768578871781152000e+17
6.766608050222743040e+17
6.764638627926821120e+17
6.762671062866144000e+17
6.760705087478266880e+17
6.758740071622156800e+17
6.756776657952134400e+17
6.754814434425986560e+17
6.752853768149647360e+17
6.750895052892140800e+17
6.748937841712207360e+17
6.746982411543530240e+17
6.745028273488058880e+17
6.743075386735480320e+17
6.741123853903651840e+17
6.739173606645355520e+17
6.737225270324103680e+17
6.735278440645867520e+17
6.733333429466612480e+17
6.731390068757607680e+17
6.729447621131119360e+17
6.727506793863490560e+17
6.725567120820399360e+17
6.723628884923174400e+17
6.721692678835822080e+17
6.719757884347038720e+17
6.717824890416433920e+17
6.715893309911738880e+17
6.713962809543857920e+17
6.712033773671110400e+17
6.710105960144789760e+17
6.708179876948679680e+17
6.706255490978542080e+17
6.704332766220047360e+17
6.702411727502736640e+17
6.700491721154621440e+17
6.698573233512090880e+17
6.696655892268961280e+17
6.694739893181559040e+17
6.692825951810652160e+17
6.690913367551308800e+17
6.689002592435909120e+17
6.687093327124948480e+17
6.685185022396881920e+17
6.683278254872295680e+17
6.681372658016135680e+17
6.679468636439846400e+17
6.677566464810063360e+17
6.675665807884906240e+17
6.673766872831223040e+17
6.671869127007015680e+17
6.669972685918453760e+17
6.668077495780510720e+17
6.666183582920308480e+17
6.664291621707528960e+17
6.662401047304252160e+17
6.660512276596561920e+17
6.658625087399754240e+17
6.656738790309323520e+17
6.654854065656686080e+17
6.652970471421278720e+17
6.651088322701039360e+17
6.649208125382554880e+17
6.647329334526871040e+17
6.645452290327527680e+17
6.643576567106241280e+17
6.641701956364828160e+17
6.639828723508505600e+17
6.637956700579651840e+17
6.636086439503159040e+17
6.634217746144490240e+17
6.632350746880771840e+17
6.630485369310986240e+17
6.628620923204729600e+17
6.626758019039920640e+17
6.624896216348631040e+17
6.623035754429103360e+17
6.621177294630352640e+17
6.619320170922063360e+17
6.617464807722432000e+17
6.615610872400369920e+17
6.613757908743214080e+17
6.611906412156849920e+17
6.610056069650461440e+17
6.608207324653667840e+17
6.606360321963084800e+17
6.604514851666988800e+17
6.602671043953108480e+17
6.600828321359877120e+17
6.598986965098128640e+17
6.597146753023965440e+17
6.595307812415781120e+17
6.593470838646812160e+17
6.591635185969678080e+17
6.589801296831036160e+17
6.587968917876659200e+17
6.586137420690369280e+17
6.584307442395019520e+17
6.582478573715432960e+17
6.580651163390234880e+17
6.578825618854826240e+17
6.577001483147348480e+17
6.575179039896311040e+17
6.573357823651820800e+17
6.571537760980517120e+17
6.569718985330602240e+17
6.567901409787673600e+17
6.566085631254933760e+17
6.564271292114055680e+17
6.562458672975468800e+17
6.560647617818955520e+17
6.558837413274269440e+17
6.557028738282730240e+17
6.555221139709446400e+17
6.553414885264568320e+17
6.551610569505358080e+17
6.549807576754759680e+17
6.548006295431123200e+17
6.546206358235944960e+17
6.544407413125552640e+17
6.542609860238947840e+17
6.540813447557149440e+17
6.539018658511161600e+17
6.537225498138333440e+17
6.535433894416821760e+17
6.533643893920203520e+17
6.531854873411627520e+17
6.530067266703690240e+17
6.528280737353931520e+17
6.526495462583806720e+17
6.524712149311694080e+17
6.522930110599059200e+17
6.521149791487810560e+17
6.519370909113409280e+17
6.517592908094638080e+17
6.515816367245121280e+17
6.514040918038316800e+17
6.512266944183029760e+17
6.510494743897495040e+17
6.508723961796133120e+17
6.506954817739603200e+17
6.505186805405896960e+17
6.503419995853472000e+17
6.501654378600272640e+17
6.499889954071430400e+17
6.498127365069245440e+17
6.496366104912203520e+17
6.494606551082164480e+17
6.492848502328111360e+17
6.491091274461898240e+17
6.489335537818562560e+17
6.487580855482080000e+17
6.485827525050552320e+17
6.484076062646219520e+17
6.482325917584348160e+17
6.480577434512577280e+17
6.478830210219351040e+17
6.477084007114489600e+17
6.475339117082214400e+17
6.473595355928591360e+17
6.471853248147801600e+17
6.470112649955266560e+17
6.468373638770155520e+17
6.466636171460303360e+17
6.464899582270014720e+17
6.463164444858488320e+17
6.461430335533177600e+17
6.459697479257829120e+17
6.457966535520481280e+17
6.456236845541067520e+17
6.454508830727491840e+17
6.452782177313847040e+17
6.451056414096582400e+17
6.449332047576922880e+17
6.447608757387471360e+17
6.445886963410347520e+17
6.444166844735703040e+17
6.442448160111315200e+17
6.440731058989011200e+17
6.439014993191399680e+17
6.437300186898584320e+17
6.435586474695869440e+17
6.433873950120897280e+17
6.432163284444759040e+17
6.430453870181926400e+17
6.428746133593625600e+17
6.427039836830938880e+17
6.425334349387411200e+17
6.423630305474723840e+17
6.421927296529917440e+17
6.420225651383795200e+17
6.418525796963605760e+17
6.416827261140743680e+17
6.415130337601256960e+17
6.413434586097146880e+17
6.411739892951104000e+17
6.410046429808288000e+17
6.408354086611581440e+17
6.406663429866291200e+17
6.404974158681214720e+17
6.403286510517751040e+17
6.401600346958063360e+17
6.399914985703347200e+17
6.398231066257349120e+17
6.396548151494666240e+17
6.394866492623580160e+17
6.393186690091998720e+17
6.391508127849543680e+17
6.389831195928938240e+17
6.388155548398997760e+17
6.386480808523861760e+17
6.384807397525067520e+17
6.383135050045619200e+17
6.381464223225404160e+17
6.379794967921258240e+17
6.378127168588936960e+17
6.376460898159907840e+17
6.374795565728005120e+17
6.373131544984504320e+17
6.371468539964486400e+17
6.369806708127946240e+17
6.368146747049717760e+17
6.366487985673529600e+17
6.364830862014927360e+17
6.363175110979918080e+17
6.361520166865365760e+17
6.359866613808367360e+17
6.358214078990343680e+17
6.356562923696157440e+17
6.354913475731019520e+17
6.353265354071738880e+17
6.351618794798944000e+17
6.349973319619435520e+17
6.348328947451059200e+17
6.346685718661532160e+17
6.345043603132284160e+17
6.343403210221026560e+17
6.341764098990269440e+17
6.340126602810676480e+17
6.338490543592335360e+17
6.336855240066699520e+17
6.335221353427047680e+17
6.333588450786667520e+17
6.331956810956936960e+17
6.330326964595778560e+17
6.328698351907476480e+17
6.327071324372817920e+17
6.325445502750842880e+17
6.323820614259555840e+17
6.322196982850803200e+17
6.320574404501854720e+17
6.318953374583479040e+17
6.317333807372560640e+17
6.315715723681674240e+17
6.314099114309249280e+17
6.312483344849798400e+17
6.310868929463809280e+17
6.309255481056753920e+17
6.307643202940774400e+17
6.306032755216632320e+17
6.304423485223522560e+17
6.302815812532870400e+17
6.301209443524984320e+17
6.299603887591356160e+17
6.297999665851575040e+17
6.296396448078231040e+17
6.294794629115586560e+17
6.293194428505058560e+17
6.291595567921052160e+17
6.289998219710944000e+17
6.288401866635156480e+17
6.286806668156846080e+17
6.285212523219701760e+17
6.283619486964756480e+17
6.282028206027166720e+17
6.280438114850449920e+17
6.278849622601788160e+17
6.277262507978289920e+17
6.275676135745660160e+17
6.274091138556678400e+17
6.272507107244742400e+17
6.270924349462332160e+17
6.269343316139029760e+17
6.267763516270822400e+17
6.266185256142707200e+17
6.264608122171659520e+17
6.263031954257600000e+17
6.261456968014920960e+17
6.259883026581557760e+17
6.258310664427795200e+17
6.256739651618364160e+17
6.255170155099080960e+17
6.253602078392532480e+17
6.252034764156181760e+17
6.250468808959489280e+17
6.248903792453995520e+17
6.247339948312555520e+17
6.245777885645524480e+17
6.244216986450909440e+17
6.242657643768672000e+17
6.241099534289578240e+17
6.239542252007255040e+17
6.237986243033185280e+17
6.236431226063823360e+17
6.234877630499233280e+17
6.233325559215498240e+17
6.231774847274053120e+17
6.230225597647697920e+17
6.228677253350169600e+17
6.227130121650804480e+17
6.225583950762935040e+17
6.224038885955590400e+17
6.222495588938126080e+17
6.220953432695756800e+17
6.219412839236922880e+17
6.217873562266819840e+17
6.216335022873857280e+17
6.214797812255304960e+17
6.213261551804600320e+17
6.211726579139911680e+17
6.210193256289890560e+17
6.208661172646520320e+17
6.207130583158109440e+17
6.205601038972625920e+17
6.204072500685405440e+17
6.202545065375534080e+17
6.201018668698954240e+17
6.199493884996081920e+17
6.197970345298379520e+17
6.196448335224038400e+17
6.194927701374035200e+17
6.193407764294159360e+17
6.191889175598149120e+17
6.190371506102981120e+17
6.188855014813726720e+17
6.187340249905059840e+17
6.185826640554686720e+17
6.184314546629634560e+17
6.182803614077066240e+17
6.181293530260765440e+17
6.179784655192659200e+17
6.178276762340570880e+17
6.176770316554384640e+17
6.175265296341036800e+17
6.173761659986913280e+17
6.172259435907731200e+17
6.170758026664766720e+17
6.169257868467965440e+17
6.167758626717898240e+17
6.166260477420606720e+17
6.164764082525043200e+17
6.163268795710451200e+17
6.161775035112496640e+17
6.160282528262824960e+17
6.158790762096843520e+17
6.157300274369358080e+17
6.155810723372616960e+17
6.154322477708382720e+17
6.152835802054273280e+17
6.151350376921948160e+17
6.149866400256885760e+17
6.148383387110019840e+17
6.146901426111942400e+17
6.145420486429256960e+17
6.143940581150961920e+17
6.142462325166353920e+17
6.140985217761847040e+17
6.139509630564197120e+17
6.138035366002062080e+17
6.136561782763517440e+17
6.135089511879194880e+17
6.133618143076979200e+17
6.132147961836423680e+17
6.130679446198201600e+17
6.129212084131242240e+17
6.127746196178679040e+17
6.126281396593246720e+17
6.124817474179023360e+17
6.123354692606000640e+17
6.121892885502895360e+17
6.120432553967311360e+17
6.118973545090745600e+17
6.117515949419499520e+17
6.116059716062187520e+17
6.114604213251507200e+17
6.113149991085672960e+17
6.111696647097141760e+17
6.110244396655720960e+17
6.108793858975961600e+17
6.107344413995829760e+17
6.105896458320206080e+17
6.104449692233039360e+17
6.103003677319238400e+17
6.101558886781283840e+17
6.100115021675550720e+17
6.098672482504999680e+17
6.097231428827683840e+17
6.095791642167367680e+17
6.094353258248567040e+17
6.092915755289978880e+17
6.091479356662489600e+17
6.090043895016984320e+17
6.088609465373634560e+17
6.087176704475050240e+17
6.085745032755841280e+17
6.084314855159961600e+17
6.082885944946165760e+17
6.081457708481642240e+17
6.080030744234430720e+17
6.078604667185658880e+17
6.077179790327189760e+17
6.075756513072721920e+17
6.074334392934740480e+17
6.072913705444864000e+17
6.071494032307562240e+17
6.070075271179000320e+17
6.068657579946394880e+17
6.067240857356727040e+17
6.065825641463002880e+17
6.064411641514479360e+17
6.062999088595234560e+17
6.061587848164445440e+17
6.060177273979965440e+17
6.058767973579728640e+17
6.057359532857733120e+17
6.055952190267769600e+17
6.054546513070475520e+17
6.053141919077076480e+17
6.051738777203249920e+17
6.050336759512240640e+17
6.048935510359330560e+17
6.047535428113642240e+17
6.046136262013774080e+17
6.044738445287206400e+17
6.043342025246758400e+17
6.041946893536171520e+17
6.040553118863587840e+17
6.039160141967366400e+17
6.037768316361826560e+17
6.036377362419888640e+17
6.034987429086887680e+17
6.033599176915392000e+17
6.032211970775508480e+17
6.030826225875013120e+17
6.029441691620094720e+17
6.028057830889283840e+17
6.026675198464275200e+17
6.025293440459704320e+17
6.023912898319249920e+17
6.022533885002627840e+17
6.021156037506512640e+17
6.019779581100977920e+17
6.018404064179586560e+17
6.017029500041273600e+17
6.015655932106384640e+17
6.014283328789680640e+17
6.012912265722517760e+17
6.011542330640618240e+17
6.010173836214746880e+17
6.008806615719011840e+17
6.007440021806062080e+17
6.006074682266668800e+17
6.004710186106186240e+17
6.003346795918634240e+17
6.001985018479970560e+17
6.000624320250753280e+17
5.999265036751304960e+17
5.997906810946353920e+17
5.996549377438772480e+17
5.995193050266487040e+17
5.993837631845950720e+17
5.992483588863788800e+17
5.991130849868494080e+17
5.989779424990920960e+17
5.988429311526460160e+17
5.987079912166748160e+17
5.985731702723907840e+17
5.984384324273932800e+17
5.983037965333626880e+17
5.981693255234083840e+17
5.980349573347678720e+17
5.979007319498065920e+17
5.977666218245317120e+17
5.976325797145562880e+17
5.974986556979736320e+17
5.973648180439352320e+17
5.972311038266831360e+17
5.970975349769849600e+17
5.969640840602858240e+17
5.968307680937809920e+17
5.966975385180372480e+17
5.965644088476963840e+17
5.964313711811336960e+17
5.962984297430743040e+17
5.961656456297210880e+17
5.960329659830310400e+17
5.959004294453926400e+17
5.957680153452920320e+17
5.956356628428550400e+17
5.955034323677587200e+17
5.953712848080436480e+17
5.952392489331150080e+17
5.951073685841342720e+17
5.949755962703920640e+17
5.948439616765413120e+17
5.947124261103773440e+17
5.945809727438773760e+17
5.944496236719383040e+17
5.943183649136554240e+17
5.941872465487416320e+17
5.940562489608833280e+17
5.939253857787169280e+17
5.937946491884921600e+17
5.936639771561305600e+17
5.935334252771101440e+17
5.934029539234744320e+17
5.932725848391970560e+17
5.931423766656766720e+17
5.930122701830873600e+17
5.928823031587979520e+17
5.927524454741886720e+17
5.926226571063033600e+17
5.924929817782652160e+17
5.923633919199484160e+17
5.922339276114548480e+17
5.921046007579024640e+17
5.919753936354351360e+17
5.918463173068096000e+17
5.917173197541484800e+17
5.915884272420628480e+17
5.914596188957135360e+17
5.913309067032410880e+17
5.912023531330520320e+17
5.910738999039361280e+17
5.909455868479055360e+17
5.908173911365168640e+17
5.906892566454429440e+17
5.905612404206371840e+17
5.904333058842275840e+17
5.903054844025216000e+17
5.901778122537884160e+17
5.900502487338904320e+17
5.899228191726735360e+17
5.897954818188544000e+17
5.896682301856472320e+17
5.895410762531952640e+17
5.894140122400232960e+17
5.892870916942018560e+17
5.891602825545272320e+17
5.890336100648788480e+17
5.889070602029002240e+17
5.887805690807335680e+17
5.886541975259481600e+17
5.885279049327791360e+17
5.884017152296632320e+17
5.882756819735343360e+17
5.881497497895756800e+17
5.880239536997527040e+17
5.878982609296006400e+17
5.877726393717798400e+17
5.876471255119287040e+17
5.875216964046368000e+17
5.873963952036560640e+17
5.872712231840600320e+17
5.871461731091688960e+17
5.870212496795447040e+17
5.868963973667648000e+17
5.867716539923488000e+17
5.866469901608243200e+17
5.865224213677350400e+17
5.863980114063959040e+17
5.862736984801715200e+17
5.861495227615976960e+17
5.860254591732028160e+17
5.859014570653245440e+17
5.857775691406896640e+17
5.856537618617059840e+17
5.855300692699238400e+17
5.854065194124001280e+17
5.852830792240092160e+17
5.851597692305793280e+17
5.850365445592657920e+17
5.849134096398877440e+17
5.847903655980309760e+17
5.846674112380465920e+17
5.845446036263208960e+17
5.844218994111705600e+17
5.842993311573040640e+17
5.841768815592419840e+17
5.840544884521913600e+17
5.839322125268002560e+17
5.838100141921379840e+17
5.836879196500586240e+17
5.835659766404778240e+17
5.834441345623424000e+17
5.833224252013511680e+17
5.832008130542613760e+17
5.830792745673076480e+17
5.829578381745850880e+17
5.828364859824820480e+17
5.827152642784825600e+17
5.825941631561209600e+17
5.824731865777327360e+17
5.823523325087409920e+17
5.822315418651728640e+17
5.821108639424628480e+17
5.819902618594950400e+17
5.818697549820609280e+17
5.817494037144623360e+17
5.816291481533066240e+17
5.815090268111933440e+17
5.813890122781687040e+17
5.812690600801109760e+17
5.811492176878336000e+17
5.810294550720038400e+17
5.809098090196942080e+17
5.807902987333566720e+17
5.806708995722973440e+17
5.805516268452327680e+17
5.804324325027266560e+17
5.803133324154155520e+17
5.801943161769346560e+17
5.800753895302498560e+17
5.799566123257118720e+17
5.798379318692792320e+17
5.797193861205048320e+17
5.796009544957914880e+17
5.794825786143851520e+17
5.793643167694739200e+17
5.792461313263290880e+17
5.791280508407691520e+17
5.790101165600606720e+17
5.788922835162995200e+17
5.787745798054604800e+17
5.786569671303918080e+17
5.785394310757267200e+17
5.784219912746901760e+17
5.783046352776619520e+17
5.781874125586914560e+17
5.780703015282202880e+17
5.779533179983754240e+17
5.778364528593715200e+17
5.777196454106714880e+17
5.776029508532931840e+17
5.774863303651313920e+17
5.773698055308532480e+17
5.772534326275550720e+17
5.771371545788080640e+17
5.770210077432480000e+17
5.769049623031339520e+17
5.767889806056693760e+17
5.766731040680945920e+17
5.765573066011603200e+17
5.764416278001463680e+17
5.763260774614160000e+17
5.762106400907520640e+17
5.760953254008078080e+17
5.759800821175255680e+17
5.758649380282938240e+17
5.757498705763477760e+17
5.756348927643317760e+17
5.755200656912050560e+17
5.754053316910743040e+17
5.752907297725193600e+17
5.751762373334369920e+17
5.750618004841964800e+17
5.749474742261441280e+17
5.748332233524256640e+17
5.747190788454358400e+17
5.746050748380167040e+17
5.744911727891401600e+17
5.743773966869937280e+17
5.742637053827288960e+17
5.741500941339961600e+17
5.740365730850264960e+17
5.739231355894139520e+17
5.738098343537861120e+17
5.736966365154771200e+17
5.735835677362782720e+17
5.734706141154070400e+17
5.733577129152798080e+17
5.732449241405797760e+17
5.731322081038402560e+17
5.730195884316759680e+17
5.729071165915541120e+17
5.727947391998232960e+17
5.726824900037555840e+17
5.725703367101999360e+17
5.724582490813623680e+17
5.723462617226836480e+17
5.722343528826176640e+17
5.721225650201870080e+17
5.720108980132174080e+17
5.718993461761063680e+17
5.717879132787615360e+17
5.716765447810586240e+17
5.715652788954944640e+17
5.714540861181290880e+17
5.713429819848134400e+17
5.712320283418558720e+17
5.711211651136044800e+17
5.710104313194439040e+17
5.708998022612305920e+17
5.707892291935593600e+17
5.706787629971859200e+17
5.705683713293838720e+17
5.704580876642581760e+17
5.703479384493725440e+17
5.702378923021757440e+17
5.701279687184912640e+17
5.700181236469024000e+17
5.699083625052402560e+17
5.697986853185068800e+17
5.696890915715557120e+17
5.695796372431966720e+17
5.694702789760533120e+17
5.693610492552145920e+17
5.692519308474663040e+17
5.691428634426714880e+17
5.690339060631327360e+17
5.689250202599283840e+17
5.688162317764288000e+17
5.687075866408334080e+17
5.685990359637676800e+17
5.684906104584268160e+17
5.683822752958705280e+17
5.682740081976844160e+17
5.681658362593339520e+17
5.680577424322274560e+17
5.679497720879319680e+17
5.678419147196255360e+17
5.677341750558158720e+17
5.676265506074808320e+17
5.675189835331685120e+17
5.674115226927464320e+17
5.673041316201657600e+17
5.671968294613930240e+17
5.670896748807264640e+17
5.669826096202896000e+17
5.668756711306145920e+17
5.667688325475508480e+17
5.666620508719025280e+17
5.665553720972668800e+17
5.664487671477548160e+17
5.663422720472629120e+17
5.662359050353877760e+17
5.661296425608673280e+17
5.660234992742589440e+17
5.659174281772128640e+17
5.658114452900808960e+17
5.657055399431189760e+17
5.655997180510295680e+17
5.654940380454745600e+17
5.653884483127818240e+17
5.652829859468558720e+17
5.651776307989236480e+17
5.650723260810113920e+17
5.649671285628981120e+17
5.648620016195351040e+17
5.647569731784891520e+17
5.646520832490235520e+17
5.645472881766298240e+17
5.644426152505516800e+17
5.643380270525047040e+17
5.642335097612172800e+17
5.641290823208214400e+17
5.640247327203164800e+17
5.639205092862754560e+17
5.638163907048940160e+17
5.637123926707377920e+17
5.636085061484968960e+17
5.635046719262547840e+17
5.634009439328826240e+17
5.632972842931854720e+17
5.631937140817726720e+17
5.630902881438896640e+17
5.629869508482544640e+17
5.628837376494487040e+17
5.627806194544875520e+17
5.626775595639811840e+17
5.625745983766968320e+17
5.624717104545294080e+17
5.623689344225986560e+17
5.622662798354001920e+17
5.621637315901337600e+17
5.620612991691637760e+17
5.619589325889677440e+17
5.618566588723887360e+17
5.617544561311745280e+17
5.616523369806176640e+17
5.615503610165452800e+17
5.614484720325102080e+17
5.613467080938604160e+17
5.612450471861454720e+17
5.611434366533958400e+17
5.610419302384090880e+17
5.609404935475306880e+17
5.608391567530085760e+17
5.607379533128098560e+17
5.606368454901823360e+17
5.605358567916478080e+17
5.604349471624587520e+17
5.603341116921391360e+17
5.602333605859246720e+17
5.601326871760672640e+17
5.600321427806407680e+17
5.599316956709747840e+17
5.598313706897385600e+17
5.597311543144997760e+17
5.596309854640279040e+17
5.595309225111843840e+17
5.594309267689815040e+17
5.593310211976771200e+17
5.592312562354573440e+17
5.591315796267256320e+17
5.590320244352315520e+17
5.589325592830686080e+17
5.588331542784294400e+17
5.587338435733789440e+17
5.586346057084629760e+17
5.585354819551875200e+17
5.584364727488919680e+17
5.583375719997671680e+17
5.582387837274081920e+17
5.581400549306451840e+17
5.580414222515904000e+17
5.579428573381516800e+17
5.578443751251297280e+17
5.577460361477902080e+17
5.576477817002112640e+17
5.575496499620832000e+17
5.574516169881372800e+17
5.573536348167378560e+17
5.572557534470231680e+17
5.571579410930809600e+17
5.570602302257596800e+17
5.569626472641498880e+17
5.568651610175025280e+17
5.567677908802960640e+17
5.566704941202634240e+17
5.565732751496664320e+17
5.564761348981861120e+17
5.563790723195806720e+17
5.562821417542995840e+17
5.561853018300487680e+17
5.560885836516422400e+17
5.559919707301155840e+17
5.558954039064675840e+17
5.557989409723639040e+17
5.557025442555313280e+17
5.556062386646383360e+17
5.555100696892616320e+17
5.554139891419684480e+17
5.553180273313239680e+17
5.552221505447715840e+17
5.551263361624870400e+17
5.550306114908172160e+17
5.549349593613392000e+17
5.548394237311984640e+17
5.547439955232727040e+17
5.546486781754449920e+17
5.545534699767944960e+17
5.544583148814531840e+17
5.543632593018451200e+17
5.542682685067044480e+17
5.541733607281989120e+17
5.540785936517694720e+17
5.539839101526878720e+17
5.538893470175066880e+17
5.537948783116488320e+17
5.537004612851249280e+17
5.536061415315166720e+17
5.535118902194543360e+17
5.534177421661079040e+17
5.533237163065084800e+17
5.532297885723944320e+17
5.531359739447692800e+17
5.530422269785042560e+17
5.529485617810830720e+17
5.528549695181578240e+17
5.527614550173138560e+17
5.526680751365998080e+17
5.525747801851591680e+17
5.524816062302181760e+17
5.523885338806504320e+17
5.522955071206472320e+17
5.522025817850905600e+17
5.521097218146934400e+17
5.520169541228136320e+17
5.519243187528944000e+17
5.518317722244695040e+17
5.517393417555074560e+17
5.516469912550743680e+17
5.515547057986553600e+17
5.514625052979417600e+17
5.513703771609454080e+17
5.512783680641325440e+17
5.511864590631509120e+17
5.510946635911267200e+17
5.510029739642570880e+17
5.509113325992720640e+17
5.508197913416983680e+17
5.507283133915930240e+17
5.506369189877519360e+17
5.505456624154654080e+17
5.504544888328528000e+17
5.503634332636406400e+17
5.502724677317381120e+17
5.501815551734487680e+17
5.500907361668433280e+17
5.499999851538880000e+17
5.499093393399456640e+17
5.498188097709397120e+17
5.497283800285518080e+17
5.496380604052903680e+17
5.495478027132087680e+17
5.494576310901687040e+17
5.493675264949333120e+17
5.492774998566942720e+17
5.491876091443613440e+17
5.490978003944928640e+17
5.490081106180217600e+17
5.489185187212840960e+17
5.488289723581036800e+17
5.487395247350603520e+17
5.486501417583415680e+17
5.485608523961476480e+17
5.484716907899752320e+17
5.483826187542469120e+17
5.482936601083496320e+17
5.482047763449091200e+17
5.481159606191545600e+17
5.480272249466309120e+17
5.479385615716350720e+17
5.478500199183852160e+17
5.477615711790744960e+17
5.476732382387228800e+17
5.475850081885681920e+17
5.474968220734805120e+17
5.474087358792862720e+17
5.473207120014881920e+17
5.472327723984156160e+17
5.471449674481462400e+17
5.470572452405946240e+17
5.469696386954037120e+17
5.468821177487018880e+17
5.467946514572958080e+17
5.467072748230483200e+17
5.466199658535028480e+17
5.465327641785626880e+17
5.464456725880037120e+17
5.463586827944539520e+17
5.462718001519237120e+17
5.461849737047651200e+17
5.460982367202092800e+17
5.460115631530177280e+17
5.459249667539074560e+17
5.458385073128463360e+17
5.457521271982115840e+17
5.456658640251795200e+17
5.455796949429823360e+17
5.454935717595571840e+17
5.454075444327034880e+17
5.453215811590352640e+17
5.452357130059578240e+17
5.451499677967440000e+17
5.450643131803810560e+17
5.449787692956908800e+17
5.448932951861372160e+17
5.448078924343080960e+17
5.447225647030566400e+17
5.446373093086205440e+17
5.445521784464501120e+17
5.444671345539582720e+17
5.443822061711994880e+17
5.442973781590400000e+17
5.442125918928367360e+17
5.441279042943947520e+17
5.440432781538055680e+17
5.439587372014048640e+17
5.438743274420392320e+17
5.437900004963519360e+17
5.437057868656140800e+17
5.436216543575145600e+17
5.435375785452599680e+17
5.434535883405037440e+17
5.433696655834471680e+17
5.432858523596698240e+17
5.432021428717319040e+17
5.431185374002170240e+17
5.430350361343242880e+17
5.429515853306039680e+17
5.428682271157128960e+17
5.427849296907600000e+17
5.427017097521486720e+17
5.426186246672299520e+17
5.425356180255150080e+17
5.424527262893303040e+17
5.423699248021096960e+17
5.422871699705943680e+17
5.422045079317516800e+17
5.421219094714570240e+17
5.420394077952108800e+17
5.419570240292449920e+17
5.418747321510456960e+17
5.417925483615356800e+17
5.417104292273413760e+17
5.416283850711400320e+17
5.415464107891530240e+17
5.414645089822855040e+17
5.413827346360339200e+17
5.413010412133317760e+17
5.412194631554067200e+17
5.411379822622324480e+17
5.410565425851808000e+17
5.409751994998062080e+17
5.408939171388862720e+17
5.408127210515064960e+17
5.407316524421891200e+17
5.406506670137784320e+17
5.405697925604798720e+17
5.404889947261884800e+17
5.404082559600693760e+17
5.403275986138729600e+17
5.402470086036707200e+17
5.401665304969322880e+17
5.400861496120119040e+17
5.400058751927657600e+17
5.399257020597102080e+17
5.398455744015622400e+17
5.397655412037860480e+17
5.396855668867294720e+17
5.396056705608474880e+17
5.395259066949787520e+17
5.394462207093889280e+17
5.393666475931633280e+17
5.392871608408006400e+17
5.392077218647747200e+17
5.391283724551441280e+17
5.390490862610935680e+17
5.389698986599363200e+17
5.388908237375520000e+17
5.388118422504893440e+17
5.387329662278010880e+17
5.386541497363603840e+17
5.385754121186416000e+17
5.384967391306535680e+17
5.384181388489820800e+17
5.383396674840133120e+17
5.382612740697161600e+17
5.381829944311389440e+17
5.381048086926156800e+17
5.380266640363670400e+17
5.379486137086153600e+17
5.378706234900522240e+17
5.377927207898376960e+17
5.377149416219912320e+17
5.376372462780024320e+17
5.375596595805902720e+17
5.374821449795099520e+17
5.374046921250200320e+17
5.373273163812769920e+17
5.372500079608140800e+17
5.371728139345583360e+17
5.370957104719363840e+17
5.370187161358882560e+17
5.369418201956395520e+17
5.368649658133315840e+17
5.367882058558142720e+17
5.367115039106334720e+17
5.366348806351766400e+17
5.365583871621832960e+17
5.364819713056293120e+17
5.364056662861399680e+17
5.363294437113984000e+17
5.362532703707269760e+17
5.361771832248278400e+17
5.361011590367237760e+17
5.360252353843673600e+17
5.359494190036404480e+17
5.358736978395737600e+17
5.357980795375411840e+17
5.357225156462366720e+17
5.356470344449765760e+17
5.355716132083661440e+17
5.354962646649797120e+17
5.354210463178629760e+17
5.353459034255184000e+17
5.352708725730805120e+17
5.351959323068411520e+17
5.351210333575233280e+17
5.350462263041658240e+17
5.349714788561987200e+17
5.348968203190482560e+17
5.348222811610929920e+17
5.347478267261564800e+17
5.346734786240971520e+17
5.345991980849189760e+17
5.345249822524583040e+17
5.344508391154383360e+17
5.343767633819948800e+17
5.343028046436944000e+17
5.342289307729265280e+17
5.341551667119184000e+17
5.340814991808568320e+17
5.340078696266172800e+17
5.339343343001648000e+17
5.338608562355117440e+17
5.337874576806421120e+17
5.337141860309944960e+17
5.336409920128766720e+17
5.335679068071476480e+17
5.334949001017674240e+17
5.334219444000353920e+17
5.333490713922696320e+17
5.332762611835423360e+17
5.332035535766506240e+17
5.331309476797303680e+17
5.330584389967091200e+17
5.329860305984776320e+17
5.329136715013693440e+17
5.328413979134587520e+17
5.327691820094904320e+17
5.326970384289792000e+17
5.326250247161585920e+17
5.325530849320881280e+17
5.324812554524502400e+17
5.324095132051827840e+17
5.323378128518604800e+17
5.322662018094478720e+17
5.321946499737704320e+17
5.321231885778585600e+17
5.320518422225340800e+17
5.319805817270823040e+17
5.319094252689864320e+17
5.318383318373645440e+17
5.317673063311619840e+17
5.316963490136362240e+17
5.316254592673167360e+17
5.315546892174483200e+17
5.314839987134499840e+17
5.314134179218953600e+17
5.313429308980862080e+17
5.312724812345270400e+17
5.312021241300096000e+17
5.311318236481068160e+17
5.310616036659775360e+17
5.309915074750936960e+17
5.309214891906152960e+17
5.308515777050350720e+17
5.307817407583905280e+17
5.307119568728321920e+17
5.306422520665933440e+17
5.305726099938197760e+17
5.305030727019867520e+17
5.304336314239940480e+17
5.303642895560678400e+17
5.302950454237390080e+17
5.302258455007992320e+17
5.301567340920749440e+17
5.300876780759162880e+17
5.300186948328984960e+17
5.299498395688435200e+17
5.298810576455609600e+17
5.298123842953519360e+17
5.297437947924238720e+17
5.296752480780211200e+17
5.296067879529662080e+17
5.295383867351234560e+17
5.294700776118681600e+17
5.294018790260922240e+17
5.293337676571505280e+17
5.292657580513910400e+17
5.291978069401394560e+17
5.291299272096352640e+17
5.290621110834972160e+17
5.289943627781475200e+17
5.289267365898747520e+17
5.288591853039077120e+17
5.287917433812869760e+17
5.287243924185143040e+17
5.286570785470823680e+17
5.285898554064768000e+17
5.285226883544810880e+17
5.284556029311902720e+17
5.283886379902414720e+17
5.283217514721734400e+17
5.282549697540755840e+17
5.281882586043158400e+17
5.281216028381721600e+17
5.280550224374200960e+17
5.279885047922003840e+17
5.279220942103662080e+17
5.278557738307726720e+17
5.277895552402407680e+17
5.277234318669642880e+17
5.276573488142693120e+17
5.275913550934581120e+17
5.275254156466679680e+17
5.274595495749209600e+17
5.273938093676603520e+17
5.273281421765955840e+17
5.272625818349450240e+17
5.271971019324829440e+17
5.271316660071052800e+17
5.270663138282017920e+17
5.270010203504157440e+17
5.269358207378562560e+17
5.268707270150373760e+17
5.268057220694264320e+17
5.267408166371769600e+17
5.266759651789176320e+17
5.266111887725205760e+17
5.265464713218349440e+17
5.264818220183657600e+17
5.264172961227789440e+17
5.263528428582236160e+17
5.262884975084408960e+17
5.262242402735923840e+17
5.261600201844667520e+17
5.260958888543104640e+17
5.260318131780771200e+17
5.259678203879905280e+17
5.259039445971388160e+17
5.258401479699607040e+17
5.257764541615982720e+17
5.257128269492216320e+17
5.256492576864467840e+17
5.255857599896868480e+17
5.255223251529018880e+17
5.254589997561153920e+17
5.253957586525342080e+17
5.253326218845601920e+17
5.252695778489993600e+17
5.252065707318056320e+17
5.251436530064997760e+17
5.250807888917200640e+17
5.250179988953075200e+17
5.249553324447137280e+17
5.248927389312858880e+17
5.248302505547228160e+17
5.247678391940954880e+17
5.247054732706762880e+17
5.246431881439933440e+17
5.245809616003433600e+17
5.245188307988376960e+17
5.244568011135723520e+17
5.243948619534494080e+17
5.243330200840699520e+17
5.242712276862426240e+17
5.242095136524696320e+17
5.241478549838145280e+17
5.240862643058695040e+17
5.240247982992785280e+17
5.239634028159133440e+17
5.239021138031107840e+17
5.238409100315607040e+17
5.237797437602281600e+17
5.237186641474179840e+17
5.236576398475930240e+17
5.235966998099706240e+17
5.235358731339603200e+17
5.234751265703202560e+17
5.234144808651608960e+17
5.233538977889175680e+17
5.232933754511807360e+17
5.232329208077646720e+17
5.231725292061501440e+17
5.231122495066232320e+17
5.230520493444886400e+17
5.229919537504743680e+17
5.229319494353803520e+17
5.228719792453427840e+17
5.228120982166702080e+17
5.227522702346202240e+17
5.226925172454326400e+17
5.226328852997009920e+17
5.225733264406839680e+17
5.225138710203324800e+17
5.224544891849408640e+17
5.223951544971543680e+17
5.223358975632304000e+17
5.222766991771240960e+17
5.222175985073134720e+17
5.221585940724048640e+17
5.220996820830794880e+17
5.220408651917914240e+17
5.219820932939844480e+17
5.219234024079714560e+17
5.218647649399480960e+17
5.218061953991685120e+17
5.217477500334046720e+17
5.216893741059006720e+17
5.216311032125436800e+17
5.215729146658211200e+17
5.215147642518895360e+17
5.214566982817601280e+17
5.213986873721388160e+17
5.213407622099955840e+17
5.212829466360451200e+17
5.212252123154650240e+17
5.211675769167501440e+17
5.211100001918456320e+17
5.210524871977538560e+17
5.209950379664536320e+17
5.209376520314266880e+17
5.208803805378151680e+17
5.208231839290408960e+17
5.207660919255339520e+17
5.207090888424907520e+17
5.206521194409008640e+17
5.205952378127360640e+17
5.205384087614493440e+17
5.204816556989549440e+17
5.204250210133567360e+17
5.203684597764650240e+17
5.203120002974778880e+17
5.202556109718221440e+17
5.201992707341943680e+17
5.201430051274785920e+17
5.200867981113514240e+17
5.200306908743252480e+17
5.199746749000531200e+17
5.199187534500179200e+17
5.198629249377978240e+17
5.198071369713132800e+17
5.197514328096279040e+17
5.196957801184914560e+17
5.196401958611830400e+17
5.195847342171699840e+17
5.195293415955488000e+17
5.194740525827250560e+17
5.194188430084320640e+17
5.193636724566225280e+17
5.193085840332445440e+17
5.192535505013347840e+17
5.191986043024825600e+17
5.191437638004020480e+17
5.190890058701763200e+17
5.190343449516768640e+17
5.189797387701851520e+17
5.189251994966803200e+17
5.188707200064612480e+17
5.188163041351393920e+17
5.187620050482723200e+17
5.187077766894539520e+17
5.186536528076327040e+17
5.185996154612822400e+17
5.185456116374641920e+17
5.184916940775734400e+17
5.184378287138150400e+17
5.183840404469713280e+17
5.183303677448115840e+17
5.182767690504601600e+17
5.182232704536273280e+17
5.181698385845550080e+17
5.181164579547249920e+17
5.180631487651947520e+17
5.180098982823784320e+17
5.179567497219861760e+17
5.179036873775758720e+17
5.178507217806926720e+17
5.177978469963361280e+17
5.177450093208139520e+17
5.176922564249070720e+17
5.176395540309952000e+17
5.175869207018104320e+17
5.175344082504416640e+17
5.174819646226852480e+17
5.174296231925578880e+17
5.173773582864494720e+17
5.173251335297117440e+17
5.172729884983459200e+17
5.172208982680776320e+17
5.171688970482912640e+17
5.171169975327778560e+17
5.170651820710050560e+17
5.170134617399232640e+17
5.169617922333688320e+17
5.169101929792341760e+17
5.168586494921781120e+17
5.168071700105345920e+17
5.167558085898530560e+17
5.167045159734299520e+17
5.166533266713123200e+17
5.166022215005774720e+17
5.165511499575339520e+17
5.165001630608616320e+17
5.164492280636718080e+17
5.163983713749304320e+17
5.163476273106610560e+17
5.162969579958304640e+17
5.162463871413106560e+17
5.161958796014216960e+17
5.161454256444912640e+17
5.160950398814001280e+17
5.160447130101075200e+17
5.159944902773628160e+17
5.159443486545886080e+17
5.158943061343759360e+17
5.158443523386672000e+17
5.157944327141450880e+17
5.157445980467487360e+17
5.156948133788503680e+17
5.156450985218005120e+17
5.155955026516906880e+17
5.155459756084347520e+17
5.154965493687954560e+17
5.154471967389936000e+17
5.153978856036910720e+17
5.153486517153524480e+17
5.152994726118834560e+17
5.152503842801345280e+17
5.152013935751828480e+17
5.151524885558762240e+17
5.151036768178340480e+17
5.150549120218847360e+17
5.150062207771333760e+17
5.149575816496352640e+17
5.149090067777356800e+17
5.148605512210607360e+17
5.148121626862226560e+17
5.147638763140341760e+17
5.147156716571301120e+17
5.146675009775556480e+17
5.146194132315920000e+17
5.145713771679037440e+17
5.145234207192736000e+17
5.144755738437022720e+17
5.144278026278675200e+17
5.143801282609880320e+17
5.143325138141218560e+17
5.142849554690447360e+17
5.142374620267427840e+17
5.141900277261125760e+17
5.141426998456344320e+17
5.140954487191573120e+17
5.140482975804816640e+17
5.140012339124231680e+17
5.139542015971213440e+17
5.139072543770397440e+17
5.138603567388165120e+17
5.138135297641498880e+17
5.137668197476340480e+17
5.137201787489060480e+17
5.136736371797775360e+17
5.136271663130479360e+17
5.135807384861621120e+17
5.135343853642350080e+17
5.134880870807962880e+17
5.134418814065087360e+17
5.133957692118873600e+17
5.133497444721178240e+17
5.133038111981852800e+17
5.132579210193959680e+17
5.132121067967617920e+17
5.131663430826771200e+17
5.131206432812258560e+17
5.130750632703669760e+17
5.130295490129068800e+17
5.129841357804783360e+17
5.129388018419736960e+17
5.128935024562656000e+17
5.128482842084522240e+17
5.128031175007298560e+17
5.127580318018346880e+17
5.127130525293798400e+17
5.126681499824499840e+17
5.126233427015254400e+17
5.125785919702851840e+17
5.125339000182517120e+17
5.124892696440284800e+17
5.124446987221848960e+17
5.124002365606371840e+17
5.123558471982756480e+17
5.123115579531441920e+17
5.122673544068547840e+17
5.122231814933463040e+17
5.121790927872210560e+17
5.121350533256331520e+17
5.120910854786914560e+17
5.120472324398532480e+17
5.120034487838008960e+17
5.119597632060399360e+17
5.119161454360904320e+17
5.118725724344001280e+17
5.118290715432597760e+17
5.117856256099973760e+17
5.117422741922769920e+17
5.116990120520222080e+17
5.116558392610426240e+17
5.116127561567562240e+17
5.115697123413265280e+17
5.115267469993432320e+17
5.114838305655096960e+17
5.114409785541718400e+17
5.113982451750421760e+17
5.113555772168672000e+17
5.113130091630145920e+17
5.112705179828952960e+17
5.112280621391219200e+17
5.111856855662434560e+17
5.111433604621003520e+17
5.111011178401952640e+17
5.110589784181413120e+17
5.110169169303619840e+17
5.109749491564860160e+17
5.109330345917575040e+17
5.108911816265220480e+17
5.108493868904297600e+17
5.108076519745084160e+17
5.107660282109788800e+17
5.107244732805556480e+17
5.106830186812781440e+17
5.106416478332400000e+17
5.106003074617754880e+17
5.105590501542421120e+17
5.105178418299336320e+17
5.104767061619463680e+17
5.104356830466263040e+17
5.103947298401925760e+17
5.103538733860481280e+17
5.103130818638008960e+17
5.102723370049895040e+17
5.102316616205842560e+17
5.101910413753504000e+17
5.101505176141427200e+17
5.101100788870229760e+17
5.100697315173312000e+17
5.100294720936589440e+17
5.099892483781284480e+17
5.099491053940893440e+17
5.099090099098625280e+17
5.098689794597861120e+17
5.098290663522049920e+17
5.097892185127775360e+17
5.097494694766193280e+17
5.097097949013080320e+17
5.096701566370881920e+17
5.096305957166076800e+17
5.095910862603554560e+17
5.095516608322533760e+17
5.095123353119601920e+17
5.094730890657386240e+17
5.094339350145054080e+17
5.093948308669230080e+17
5.093557912670388480e+17
5.093168065336474880e+17
5.092778820417465600e+17
5.092390703837146240e+17
5.092003251040362880e+17
5.091616796924314240e+17
5.091231160801457920e+17
5.090845830044034560e+17
5.090461317701724800e+17
5.090077293297727360e+17
5.089694006705477760e+17
5.089311822182908160e+17
5.088930343497947520e+17
5.088549819353790720e+17
5.088169916011731840e+17
5.087790499768253440e+17
5.087411751591757440e+17
5.087033557202280960e+17
5.086656347893662080e+17
5.086279946212743680e+17
5.085904479215736960e+17
5.085529874677848960e+17
5.085155602112076160e+17
5.084782139948460800e+17
5.084409149051463040e+17
5.084036815553786240e+17
5.083665641427825280e+17
5.083295120124508800e+17
5.082925576066239360e+17
5.082556752619144320e+17
5.082188303781691520e+17
5.081820608614643200e+17
5.081453428675540480e+17
5.081087105134276480e+17
5.080721747234503680e+17
5.080357196670633600e+17
5.079993553221779200e+17
5.079630376154902400e+17
5.079267875184115840e+17
5.078905889204556160e+17
5.078544510354694400e+17
5.078184272334421120e+17
5.077824683075092480e+17
5.077466083888583040e+17
5.077108283194343040e+17
5.076750790460937600e+17
5.076394103239194880e+17
5.076037902742208640e+17
5.075682452066941440e+17
5.075328079245925120e+17
5.074974420381776000e+17
5.074621703378117120e+17
5.074269578954943360e+17
5.073917963459432960e+17
5.073566989135178880e+17
5.073216571540867840e+17
5.072867159761913600e+17
5.072518512744232960e+17
5.072170822444434560e+17
5.071823978028440960e+17
5.071477441562851200e+17
5.071131718298631680e+17
5.070786463300842240e+17
5.070441873628615040e+17
5.070098428268653440e+17
5.069755637420462720e+17
5.069413813277797760e+17
5.069072685936451200e+17
5.068731946301867520e+17
5.068391940176491520e+17
5.068052450459674240e+17
5.067713833849878400e+17
5.067376149060713600e+17
5.067039287292158720e+17
5.066703318179560320e+17
5.066367783242650880e+17
5.066032952543133440e+17
5.065698610161573120e+17
5.065364876614565120e+17
5.065032296224816000e+17
5.064700350755030400e+17
5.064369386943468160e+17
5.064039202200219520e+17
5.063709329850880640e+17
5.063380249535854080e+17
5.063051655375616000e+17
5.062723823741670400e+17
5.062397045125649920e+17
5.062070989844750720e+17
5.061745864068709120e+17
5.061421302997451520e+17
5.061097273907330560e+17
5.060773858966676480e+17
5.060451004213563520e+17
5.060129176445490560e+17
5.059808079171917440e+17
5.059487944210715520e+17
5.059168647635680640e+17
5.058849636048931200e+17
5.058531440216581120e+17
5.058213710344025600e+17
5.057896654522476800e+17
5.057580727090518400e+17
5.057265457292270720e+17
5.056951143932402560e+17
5.056637503804863360e+17
5.056324265934055040e+17
5.056011741113695360e+17
5.055699734443518720e+17
5.055388618121260160e+17
5.055078399540343040e+17
5.054769020651885440e+17
5.054460520356805120e+17
5.054152422525031040e+17
5.053845050942242560e+17
5.053538155135535360e+17
5.053231866992028800e+17
5.052926736811867520e+17
5.052622232526832640e+17
5.052318701704305920e+17
5.052015930659224320e+17
5.051713478128347520e+17
5.051411803681116160e+17
5.051110615427403520e+17
5.050810203035684480e+17
5.050510818335860480e+17
5.050212167502400000e+17
5.049914434164843520e+17
5.049617238050667520e+17
5.049320598061905920e+17
5.049024545163106560e+17
5.048729056392933120e+17
5.048434616156937600e+17
5.048140874070121600e+17
5.047848096942920320e+17
5.047556144170787200e+17
5.047264472131377920e+17
5.046973609356538240e+17
5.046683210892600320e+17
5.046393495938568320e+17
5.046104892724634880e+17
5.045816951589620480e+17
5.045529956921506560e+17
5.045243612208654720e+17
5.044957685616901120e+17
5.044672451411527680e+17
5.044387737626841600e+17
5.044103931904624640e+17
5.043820989706148480e+17
5.043538904761746560e+17
5.043257684764553600e+17
5.042976836055914240e+17
5.042696736367354880e+17
5.042417100101752320e+17
5.042138077114633600e+17
5.041860204031280000e+17
5.041582955264177280e+17
5.041306672007293440e+17
5.041031129423717760e+17
5.040755913018727680e+17
5.040481460369431680e+17
5.040207494528035200e+17
5.039934318455160320e+17
5.039662144383696640e+17
5.039390715761976320e+17
5.039120192995089280e+17
5.038850180410832640e+17
5.038580749059881600e+17
5.038311877786105600e+17
5.038043575035991680e+17
5.037776342695733120e+17
5.037509776333820160e+17
5.037244178255507200e+17
5.036979389564898560e+17
5.036714881161310720e+17
5.036451173963806080e+17
5.036187930052120320e+17
5.035925379780216960e+17
5.035663924002328960e+17
5.035403135967642880e+17
5.035143284746482560e+17
5.034884060544330880e+17
5.034625271510259840e+17
5.034367154081327360e+17
5.034109559842037120e+17
5.033852891798319360e+17
5.033597053037065600e+17
5.033342089888716800e+17
5.033087978477020160e+17
5.032834207758625280e+17
5.032581209496936960e+17
5.032328662525883520e+17
5.032076735222741760e+17
5.031825948928984960e+17
5.031575786763219200e+17
5.031326582422448640e+17
5.031078099888953600e+17
5.030829952606263040e+17
5.030582554465763840e+17
5.030335644291905280e+17
5.030089538306672000e+17
5.029844408387466240e+17
5.029600036457663360e+17
5.029356559129925120e+17
5.029113565429098240e+17
5.028871178912088960e+17
5.028629325586870400e+17
5.028388045606350080e+17
5.028147854833139200e+17
5.027908304833705600e+17
5.027669723723331840e+17
5.027431937165776640e+17
5.027194432088911360e+17
5.026957719701165440e+17
5.026721470165852160e+17
5.026485925011860480e+17
5.026251456633501440e+17
5.026017662782652160e+17
5.025784796431665920e+17
5.025552534551075840e+17
5.025320725942769280e+17
5.025089568125422720e+17
5.024858936736325760e+17
5.024629250042108800e+17
5.024400358474971520e+17
5.024172361588756480e+17
5.023945203682817920e+17
5.023718364931408000e+17
5.023492305775845760e+17
5.023266694466990080e+17
5.023041709928308480e+17
5.022817856798708480e+17
5.022594628897334400e+17
5.022372351425553280e+17
5.022150777182304640e+17
5.021929548540298880e+17
5.021709054229092480e+17
5.021489049558016000e+17
5.021269863954867840e+17
5.021051628351694080e+17
5.020834164142696320e+17
5.020617583691040000e+17
5.020401460838184320e+17
5.020185971847108480e+17
5.019970989366998400e+17
5.019756585452204800e+17
5.019543283067770240e+17
5.019330609994910080e+17
5.019118900310957440e+17
5.018907970528892800e+17
5.018697324926868480e+17
5.018487463129498880e+17
5.018278064312472960e+17
5.018069381173623680e+17
5.017861756738480000e+17
5.017654814640982400e+17
5.017448791090273280e+17
5.017243349893907200e+17
5.017038381011897600e+17
5.016834042154279680e+17
5.016630233405947520e+17
5.016427388168336640e+17
5.016225304092975360e+17
5.016024134392086400e+17
5.015823791387227520e+17
5.015623748423238400e+17
5.015424489151610240e+17
5.015225676330795520e+17
5.015027498037010560e+17
5.014830440969173120e+17
5.014634011421203200e+17
5.014438525219219200e+17
5.014243724001493120e+17
5.014049279890314240e+17
5.013855555184461440e+17
5.013662322278980480e+17
5.013469923728314880e+17
5.013278449090028160e+17
5.013087760029155200e+17
5.012897944308019200e+17
5.012708560726072960e+17
5.012519838301695360e+17
5.012331595985892480e+17
5.012143937830621440e+17
5.011957393412827520e+17
5.011771467854960640e+17
5.011586500447500160e+17
5.011402298524320000e+17
5.011218384859018880e+17
5.011035245833343360e+17
5.010852570448489600e+17
5.010670622540509440e+17
5.010489715024165120e+17
5.010309498591932160e+17
5.010130192134163200e+17
5.009951446390350720e+17
5.009773192827278720e+17
5.009595548646714240e+17
5.009418438673160320e+17
5.009242311295520000e+17
5.009066912302552960e+17
5.008892446130499200e+17
5.008718795756316160e+17
5.008545427274941440e+17
5.008372846452160000e+17
5.008200711264195200e+17
5.008029218959453440e+17
5.007858837232219520e+17
5.007689086415651840e+17
5.007520272194474880e+17
5.007352125093018240e+17
5.007184347640921600e+17
5.007017274634759040e+17
5.006850696049504000e+17
5.006684967464526720e+17
5.006520136787151360e+17
5.006356106566529920e+17
5.006192939713645440e+17
5.006030180148119040e+17
5.005868104325246720e+17
5.005706493006177280e+17
5.005545466569637120e+17
5.005385565975566720e+17
5.005226274759304960e+17
5.005067936738825600e+17
5.004910350065672320e+17
5.004753056985764480e+17
5.004596529183009920e+17
5.004440466186983680e+17
5.004285142917600000e+17
5.004130841596060800e+17
5.003977240956361600e+17
5.003824542119075200e+17
5.003672382872439680e+17
5.003520736389205120e+17
5.003369678845032960e+17
5.003219159998005760e+17
5.003069643056682240e+17
5.002920829766261120e+17
5.002772952898934400e+17
5.002625889095102080e+17
5.002479089982110720e+17
5.002333082397169920e+17
5.002187520183152000e+17
5.002042609755441280e+17
5.001898798903783680e+17
5.001755623365125120e+17
5.001613378024788480e+17
5.001471782362833280e+17
5.001330569818956800e+17
5.001190046804394880e+17
5.001050021266607360e+17
5.000910861686632960e+17
5.000772574192113920e+17
5.000635102651508480e+17
5.000498484970195200e+17
5.000362250370017280e+17
5.000226719219289600e+17
5.000091643969564800e+17
4.999957154914650240e+17
4.999823796610327040e+17
4.999691042686529280e+17
4.999559237309243520e+17
4.999428169468419840e+17
4.999297401698733440e+17
4.999167389725778560e+17
4.999037844205276800e+17
4.998909051064096640e+17
4.998781261398886400e+17
4.998654182783699840e+17
4.998527998218080640e+17
4.998402332676746880e+17
4.998277201094935040e+17
4.998152638277847040e+17
4.998028619017534720e+17
4.997905621154813440e+17
4.997783302609408000e+17
4.997661924643879040e+17
4.997541349824890240e+17
4.997421038677597440e+17
4.997301515235719680e+17
4.997182437426762240e+17
4.997064020804334080e+17
4.996946692510796160e+17
4.996830004860903040e+17
4.996714241385674240e+17
4.996599110612495360e+17
4.996484377245859200e+17
4.996370318608117760e+17
4.996256760914805760e+17
4.996144085404771200e+17
4.996032256436211200e+17
4.995921259462158080e+17
4.995811107319960320e+17
4.995701314734772480e+17
4.995592245715320320e+17
4.995483624296428160e+17
4.995375595277537280e+17
4.995268692850800000e+17
4.995162395196886400e+17
4.995057041766355200e+17
4.994952412431176320e+17
4.994848090678237440e+17
4.994744515199707520e+17
4.994641408275043200e+17
4.994539066739591680e+17
4.994437710279297280e+17
4.994337075930901760e+17
4.994237328316829440e+17
4.994138079756021760e+17
4.994039386866481920e+17
4.993941242904174080e+17
4.993843647706177920e+17
4.993747093539429120e+17
4.993651194826186240e+17
4.993556241372520320e+17
4.993462081099713280e+17
4.993368185373136000e+17
4.993275073004210560e+17
4.993182407031410560e+17
4.993090412095345920e+17
4.992999494097845760e+17
4.992909222923968000e+17
4.992819870293794560e+17
4.992731133894566400e+17
4.992642809909157120e+17
4.992555146038743680e+17
4.992467986970032640e+17
4.992381726536149760e+17
4.992296287469371520e+17
4.992211696910490240e+17
4.992127942654028160e+17
4.992044525147713280e+17
4.991961851660840320e+17
4.991879617803132160e+17
4.991797983096888320e+17
4.991717470459786880e+17
4.991637563998202880e+17
4.991558597783163520e+17
4.991480342634097920e+17
4.991402403507703040e+17
4.991325201164277760e+17
4.991248469909100800e+17
4.991172517366939520e+17
4.991097531665008000e+17
4.991023279757708800e+17
4.990949907724965760e+17
4.990877015406789760e+17
4.990804700894276480e+17
4.990732915873265280e+17
4.990661685151714560e+17
4.990591515198604160e+17
4.990521977371699200e+17
4.990453389977120000e+17
4.990385586112521600e+17
4.990318048815988480e+17
4.990251290399191040e+17
4.990184979619707520e+17
4.990119350132456320e+17
4.990054786148328320e+17
4.989990875942204160e+17
4.989927879060261120e+17
4.989865482482128000e+17
4.989803513947983360e+17
4.989742191168821760e+17
4.989681377417420800e+17
4.989621478938799360e+17
4.989562377110124160e+17
4.989504140708453760e+17
4.989446732594355840e+17
4.989389641626468480e+17
4.989333310497335680e+17
4.989277413832442880e+17
4.989222123570766720e+17
4.989167950591703680e+17
4.989114386124388480e+17
4.989061758292615040e+17
4.989009828949566080e+17
4.988958224900309760e+17
4.988907348243132160e+17
4.988856945620218880e+17
4.988807335306992000e+17
4.988758673855725440e+17
4.988710758433541120e+17
4.988663716499064320e+17
4.988617135608540800e+17
4.988571154992215040e+17
4.988525684895768320e+17
4.988480774942454400e+17
4.988436939282987520e+17
4.988393725581115520e+17
4.988351461670188800e+17
4.988309971995120000e+17
4.988268751956085760e+17
4.988228306260543360e+17
4.988188309899688960e+17
4.988149005449552640e+17
4.988110755115720320e+17
4.988073166217638400e+17
4.988036485853882240e+17
4.988000390448145920e+17
4.987964739248295680e+17
4.987929719761903360e+17
4.987895213878536320e+17
4.987861640054685440e+17
4.987828838704814720e+17
4.987796920043091840e+17
4.987765822184909440e+17
4.987735027920851200e+17
4.987704998983341440e+17
4.987675404992567680e+17
4.987646425113566720e+17
4.987618557563650560e+17
4.987591301722435200e+17
4.987564979290592640e+17
4.987539343261283200e+17
4.987514042533907840e+17
4.987489459975003520e+17
4.987465354787984000e+17
4.987442055741306240e+17
4.987419687921905920e+17
4.987398078852188800e+17
4.987377337373265920e+17
4.987357038970303360e+17
4.987337363560129280e+17
4.987318180222149760e+17
4.987299563161613440e+17
4.987282032457984000e+17
4.987265117195920640e+17
4.987249150026679680e+17
4.987233948196323200e+17
4.987219020020139520e+17
4.987204861661587200e+17
4.987191154770847360e+17
4.987178150732240640e+17
4.987166189561418240e+17
4.987154898120143360e+17
4.987144510870782080e+17
4.987134693851088640e+17
4.987125337644321920e+17
4.987116599489937280e+17
4.987108379844711040e+17
4.987101109158871040e+17
4.987094587392782080e+17
4.987088965857584640e+17
4.987084158188617600e+17
4.987079641455583360e+17
4.987075895523297280e+17
4.987072585501901440e+17
4.987069897716503040e+17
4.987068317231888640e+17
4.987067352444747520e+17
4.987067318244123520e+17
4.987067958888421760e+17
4.987068945490979840e+17
4.987070641269593600e+17
4.987072818130579200e+17
4.987075815159762560e+17
4.987079726208366720e+17
4.987084409151262720e+17
4.987089954294622080e+17
4.987095925282033280e+17
4.987102542150907520e+17
4.987109633225753600e+17
4.987117296986231680e+17
4.987126059110831360e+17
4.987135430994551680e+17
4.987145749630496640e+17
4.987156825144372480e+17
4.987168179189815680e+17
4.987180298603146240e+17
4.987192872034055680e+17
4.987206159543591680e+17
4.987220478896464000e+17
4.987235476845002880e+17
4.987251375107845120e+17
4.987267829524318720e+17
4.987284761723710080e+17
4.987302298754303360e+17
4.987320359513905920e+17
4.987339386212170880e+17
4.987359138974948480e+17
4.987379809735679360e+17
4.987401287987655680e+17
4.987423045399428480e+17
4.987445579099478400e+17
4.987468550136812800e+17
4.987492151911219200e+17
4.987516855971416960e+17
4.987542180444526080e+17
4.987568433102628480e+17
4.987595349612850560e+17
4.987622623301585280e+17
4.987650597466414080e+17
4.987679056779457280e+17
4.987708350450949120e+17
4.987738541440612480e+17
4.987769517834318720e+17
4.987801351561055360e+17
4.987833594668448000e+17
4.987866504935082240e+17
4.987899875588266880e+17
4.987933823888481920e+17
4.987968882515208960e+17
4.988004546025356160e+17
4.988041155323285120e+17
4.988078513511682560e+17
4.988116155882210560e+17
4.988154559309895680e+17
4.988193419703752960e+17
4.988233005652045440e+17
4.988273612725363840e+17
4.988314907772520320e+17
4.988357099738137600e+17
4.988399834467435520e+17
4.988443064234588160e+17
4.988486886108754560e+17
4.988531237229493760e+17
4.988576571315640960e+17
4.988622614236455680e+17
4.988669583387883520e+17
4.988717359085458560e+17
4.988765403038106880e+17
4.988814228805745280e+17
4.988863493781210240e+17
4.988913398335032320e+17
4.988964400257132800e+17
4.989016027972705280e+17
4.989068581910666880e+17
4.989121789307755520e+17
4.989175365587723520e+17
4.989229633994989440e+17
4.989284391955359360e+17
4.989339998593947520e+17
4.989396486432519680e+17
4.989453773494328320e+17
4.989511913560640000e+17
4.989570447344215040e+17
4.989629665054659840e+17
4.989689339086467840e+17
4.989749591438224000e+17
4.989810966044723840e+17
4.989872941440734080e+17
4.989935862054392320e+17
4.989999524080695680e+17
4.990063476631432320e+17
4.990128186127798400e+17
4.990193355921180800e+17
4.990259262960391680e+17
4.990326180790977920e+17
4.990393796428679040e+17
4.990462306087386880e+17
4.990531345838616960e+17
4.990600898093650560e+17
4.990671030283326720e+17
4.990741697519970560e+17
4.990813364766049920e+17
4.990885725775305600e+17
4.990959018738608640e+17
4.991033118267331200e+17
4.991107477893041920e+17
4.991182623982117120e+17
4.991258211576924800e+17
4.991334447897095680e+17
4.991411776845881600e+17
4.991489737575796480e+17
4.991568623021592320e+17
4.991648152167183360e+17
4.991728062308586880e+17
4.991808656635963520e+17
4.991889745245232000e+17
4.991971696950958080e+17
4.992054514394880640e+17
4.992138145137991680e+17
4.992222625111742720e+17
4.992307483969991680e+17
4.992393043639284480e+17
4.992479055979859200e+17
4.992565651498871040e+17
4.992653373592202240e+17
4.992741696932220160e+17
4.992830965331761920e+17
4.992920968210647040e+17
4.993011268571088000e+17
4.993102322022441600e+17
4.993193839468545920e+17
4.993286106035640960e+17
4.993379373520307840e+17
4.993473349046709760e+17
4.993568216211370880e+17
4.993663601547949440e+17
4.993759516995202560e+17
4.993856000809259520e+17
4.993953025739704320e+17
4.994051067712371840e+17
4.994149789121360000e+17
4.994249448614361600e+17
4.994349910474294400e+17
4.994450634441191040e+17
4.994552144950481280e+17
4.994654099675242880e+17
4.994756712545633280e+17
4.994860413559624960e+17
4.994964752894826880e+17
4.995070015912330880e+17
4.995175913536731520e+17
4.995282204607018880e+17
4.995389172383418240e+17
4.995496639480385920e+17
4.995604984161256320e+17
4.995714179845255040e+17
4.995824203111413760e+17
4.995935072404530560e+17
4.996046306609823360e+17
4.996158258575534720e+17
4.996270659999673600e+17
4.996383651661297920e+17
4.996497770590372480e+17
4.996612493766973440e+17
4.996728162274273280e+17
4.996844558905825280e+17
4.996961260518316160e+17
4.997078711678933120e+17
4.997196630884755840e+17
4.997315311240599680e+17
4.997434983171979520e+17
4.997555373730416000e+17
4.997676654075100160e+17
4.997798441452487680e+17
4.997920776622017920e+17
4.998043669245713920e+17
4.998167109311491840e+17
4.998291583414145280e+17
4.998416723423332480e+17
4.998542808033870080e+17
4.998669691298667520e+17
4.998796839436845440e+17
4.998924774352267520e+17
4.999053156590446720e+17
4.999182206637329920e+17
4.999312340670768640e+17
4.999443120066530560e+17
4.999574822600446080e+17
4.999707151346560000e+17
4.999839886258303360e+17
4.999973290909561600e+17
5.000107200217041920e+17
5.000242001637535360e+17
5.000377640120254720e+17
5.000514120628234240e+17
5.000651444544974720e+17
5.000789120291061120e+17
5.000927530763656320e+17
5.001066387940543360e+17
5.001205842750073600e+17
5.001346425635335040e+17
5.001487616427096960e+17
5.001629753266954240e+17
5.001772612486775680e+17
5.001915784660803200e+17
5.002059703204858880e+17
5.002204094184269440e+17
5.002349258468510080e+17
5.002495405586858240e+17
5.002642282220646400e+17
5.002790047335182080e+17
5.002938309154576000e+17
5.003087136459496320e+17
5.003236511009875200e+17
5.003386439572588160e+17
5.003537419103339520e+17
5.003689051858401280e+17
5.003841636101820800e+17
5.003995015805952640e+17
5.004148663837283200e+17
5.004303099090063360e+17
5.004457985157349120e+17
5.004613548910700800e+17
5.004770192891512960e+17
5.004927489728590080e+17
5.005085709665289600e+17
5.005244548148494080e+17
5.005403805723144960e+17
5.005563726633675520e+17
5.005724157821226240e+17
5.005885495666659200e+17
5.006047657492350720e+17
5.006210675902330880e+17
5.006374535703515520e+17
5.006538735169111680e+17
5.006703686298195840e+17
5.006869081857086720e+17
5.007035082751029120e+17
5.007202212715043200e+17
5.007369954854067840e+17
5.007538644221361920e+17
5.007708050866652160e+17
5.007877778849034880e+17
5.008048250438518400e+17
5.008219199181307520e+17
5.008390933483180160e+17
5.008563642544238720e+17
5.008737092267434240e+17
5.008911429727953920e+17
5.009086254406068480e+17
5.009261662215783680e+17
5.009437607813090560e+17
5.009614114226820480e+17
5.009791688452405120e+17
5.009969904116295040e+17
5.010149078508925440e+17
5.010329045719966080e+17
5.010509285334736640e+17
5.010690312875605760e+17
5.010871795095287040e+17
5.011053965066010240e+17
5.011237211969877120e+17
5.011421119631633920e+17
5.011605950876035840e+17
5.011791393760181760e+17
5.011977268807784320e+17
5.012163801398277760e+17
5.012350850160956800e+17
5.012538820117852800e+17
5.012727601894111360e+17
5.012917254888087040e+17
5.013107747871352960e+17
5.013298569537711360e+17
5.013490159256352000e+17
5.013682191868296320e+17
5.013874837798077440e+17
5.014068614045797760e+17
5.014263007301236480e+17
5.014458349444140160e+17
5.014654404435925120e+17
5.014850789497004800e+17
5.015047915865727360e+17
5.015245524422717440e+17
5.015443930867849600e+17
5.015643304726833920e+17
5.015843430611025280e+17
5.016044444066574080e+17
5.016245936121544960e+17
5.016448028851011840e+17
5.016650650706218240e+17
5.016853840406026880e+17
5.017058111954112000e+17
5.017263019492890880e+17
5.017468890641628160e+17
5.017675552548733440e+17
5.017882491498343680e+17
5.018090219387859200e+17
5.018298406182312960e+17
5.018507290955562240e+17
5.018717249896138880e+17
5.018927877861785600e+17
5.019139430430345600e+17
5.019351588519915520e+17
5.019564191934867840e+17
5.019777447756142080e+17
5.019991225909386880e+17
5.020205939761916800e+17
5.020421454253626880e+17
5.020637854631935360e+17
5.020855094228138240e+17
5.021072656986863360e+17
5.021290995097959680e+17
5.021509779573675520e+17
5.021729185605456640e+17
5.021949723520728320e+17
5.022170883798461440e+17
5.022392995117837440e+17
5.022615815559414400e+17
5.022838975095360640e+17
5.023062874149144960e+17
5.023287260733475840e+17
5.023512457586881920e+17
5.023738615298681600e+17
5.023965536575992320e+17
5.024193345851342080e+17
5.024421626004803200e+17
5.024650524219972480e+17
5.024879943738497280e+17
5.025109938345129600e+17
5.025341026732674560e+17
5.025572750597717120e+17
5.025805441305827840e+17
5.026038921324485760e+17
5.026272683530306560e+17
5.026507236045425920e+17
5.026742252043829120e+17
5.026977976388513280e+17
5.027214772723950080e+17
5.027452246678001280e+17
5.027690646807944320e+17
5.027929647156490880e+17
5.028169106029533440e+17
5.028409212872667520e+17
5.028649848463441280e+17
5.028891434206060800e+17
5.029133810445684480e+17
5.029377087239768320e+17
5.029621203125674240e+17
5.029865637513095680e+17
5.030110854681831040e+17
5.030356522085880320e+17
5.030602819516634880e+17
5.030850250775014400e+17
5.031098310233616640e+17
5.031347323398692480e+17
5.031597042690416640e+17
5.031847110341789440e+17
5.032097916275031680e+17
5.032349215379773440e+17
5.032601337165028480e+17
5.032854414100854400e+17
5.033108266283201280e+17
5.033363007497999360e+17
5.033618212793673600e+17
5.033874053333173760e+17
5.034130408235027200e+17
5.034387345675982080e+17
5.034645388833827200e+17
5.034904067680482560e+17
5.035163717069765120e+17
5.035424154962942080e+17
5.035684880641505280e+17
5.035946398398568960e+17
5.036208384561000320e+17
5.036471089555589760e+17
5.036734865011506560e+17
5.036999326969601920e+17
5.037264717244567680e+17
5.037530703279639680e+17
5.037797161026194560e+17
5.038064263049095040e+17
5.038331900483461760e+17
5.038600502449971840e+17
5.038869885864282880e+17
5.039140184465880320e+17
5.039411322693275520e+17
5.039682775619710080e+17
5.039955018903991040e+17
5.040227716685386880e+17
5.040501053175341440e+17
5.040775525873458560e+17
5.041050633056588800e+17
5.041326697137126400e+17
5.041603465107728640e+17
5.041880590894494720e+17
5.042158454323187840e+17
5.042436816855443200e+17
5.042716014490423040e+17
5.042996162470922240e+17
5.043277097485809280e+17
5.043558923190229760e+17
5.043841207128960000e+17
5.044124143242293760e+17
5.044407587698714240e+17
5.044691622345817600e+17
5.044976774657258880e+17
5.045262563582578560e+17
5.045549327232071680e+17
5.045836879247964160e+17
5.046124725052664960e+17
5.046413365146935680e+17
5.046702478905037440e+17
5.046992322079952000e+17
5.047283234889005440e+17
5.047574843340300160e+17
5.047867382832556160e+17
5.048160514497217920e+17
5.048454131002270080e+17
5.048748388872846720e+17
5.049043189060118400e+17
5.049338968069244160e+17
5.049635520622730240e+17
5.049933002929658240e+17
5.050231326071089920e+17
5.050529960967725440e+17
5.050829393964245120e+17
5.051129286103708800e+17
5.051429825825447040e+17
5.051731504627017600e+17
5.052033824612458880e+17
5.052337105227563520e+17
5.052641088282154880e+17
5.052945438755296640e+17
5.053250526866767360e+17
5.053556120298425600e+17
5.053862561247598720e+17
5.054169948692733440e+17
5.054478135035688320e+17
5.054787214362777600e+17
5.055096747054320000e+17
5.055406948556728960e+17
5.055717653343554560e+17
5.056028956167265920e+17
5.056341388622105600e+17
5.056654459320552320e+17
5.056968509421976320e+17
5.057283348448532480e+17
5.057598487628019200e+17
5.057914423789992960e+17
5.058230839204373120e+17
5.058547994701056000e+17
5.058866219759306240e+17
5.059185149825616000e+17
5.059505014255047680e+17
5.059825468166188800e+17
5.060146419945936640e+17
5.060468011002072960e+17
5.060790151515778560e+17
5.061113285033555200e+17
5.061437185388661120e+17
5.061762029967390080e+17
5.062087717278729600e+17
5.062413714261340800e+17
5.062740517268515840e+17
5.063067784442556800e+17
5.063395708246885120e+17
5.063724774545617920e+17
5.064054489111148800e+17
5.064385168594928000e+17
5.064716549879882880e+17
5.065048308289871360e+17
5.065380805009393280e+17
5.065713813544796800e+17
5.066047681988395520e+17
5.066382494084266240e+17
5.066718116988149760e+17
5.067054635823091200e+17
5.067391604154929920e+17
5.067729257599092480e+17
5.068067410267095680e+17
5.068406169007736320e+17
5.068746069373223680e+17
5.069086610309318400e+17
5.069428135839445760e+17
5.069770451575822080e+17
5.070113074149328000e+17
5.070456496918017920e+17
5.070800404852633600e+17
5.071145063599567360e+17
5.071490792639891200e+17
5.071837236251785600e+17
5.072184618161891840e+17
5.072532587785656320e+17
5.072881068166106240e+17
5.073230186592683520e+17
5.073579861848543360e+17
5.073930544167687040e+17
5.074281987862099200e+17
5.074634390127365760e+17
5.074987637727392000e+17
5.075341193777081600e+17
5.075695563975038080e+17
5.076050403737100160e+17
5.076405909335964800e+17
5.076762561435592960e+17
5.077119869241913600e+17
5.077478146826254080e+17
5.077837126411282560e+17
5.078196492893608960e+17
5.078556599068146560e+17
5.078917223828855040e+17
5.079278720849187200e+17
5.079641159731945600e+17
5.080004421353429120e+17
5.080368582519915520e+17
5.080733190343118720e+17
5.081098499196871040e+17
5.081464304270408960e+17
5.081830723626556160e+17
5.082198296635525760e+17
5.082566513233640960e+17
5.082935720143886080e+17
5.083305719289230720e+17
5.083676032239088000e+17
5.084047149152539520e+17
5.084418757466305280e+17
5.084791127372277760e+17
5.085164569154981120e+17
5.085538735245148160e+17
5.085913844196256640e+17
5.086289540040628480e+17
5.086665759353450880e+17
5.087042616376627840e+17
5.087420037827800960e+17
5.087798480264285440e+17
5.088177681371570560e+17
5.088557852317263360e+17
5.088938873384586240e+17
5.089320202545887360e+17
5.089702354193784320e+17
5.090084981172728320e+17
5.090468283339472000e+17
5.090852736651105280e+17
5.091237853442132480e+17
5.091623945456791040e+17
5.092010740534291840e+17
5.092397932312344320e+17
5.092785865911671040e+17
5.093174325138600960e+17
5.093563668923630080e+17
5.093953953880904320e+17
5.094345073504281600e+17
5.094737096968345600e+17
5.095129565300986880e+17
5.095522747509847680e+17
5.095916429335514240e+17
5.096310731169843840e+17
5.096706198726323840e+17
5.097102313577960320e+17
5.097499425001393280e+17
5.097897331460984320e+17
5.098295558942570880e+17
5.098694594745858560e+17
5.099094128501713280e+17
5.099494434666465920e+17
5.099895815187493760e+17
5.100297929901552000e+17
5.100700992681585280e+17
5.101104642506641280e+17
5.101508828302522880e+17
5.101913652401568000e+17
5.102319048751459840e+17
5.102725479858730880e+17
5.103132669364679680e+17
5.103540837614110080e+17
5.103949862601625600e+17
5.104359196198118400e+17
5.104769360849063040e+17
5.105180006965219840e+17
5.105591337752359040e+17
5.106003825009507840e+17
5.106416983830237440e+17
5.106831123920594560e+17
5.107245969022762240e+17
5.107661220628338560e+17
5.108077216963817600e+17
5.108493746237060480e+17
5.108911172301757440e+17
5.109329539991668480e+17
5.109748754250392960e+17
5.110168877341877120e+17
5.110589444590079360e+17
5.111010738378486400e+17
5.111432535770480640e+17
5.111854959333309440e+17
5.112278560735793920e+17
5.112702813824536960e+17
5.113128070300669440e+17
5.113554125409933440e+17
5.113980508979390720e+17
5.114407705850391680e+17
5.114835407542182400e+17
5.115263892484938240e+17
5.115693455201816320e+17
5.116123762126970880e+17
5.116555022979985280e+17
5.116986872025877120e+17
5.117419269305692800e+17
5.117852306442670720e+17
5.118285923875560320e+17
5.118720589676449920e+17
5.119156014722782080e+17
5.119592427747384960e+17
5.120029704614647040e+17
5.120467291482534400e+17
5.120905718216401280e+17
5.121344632915560320e+17
5.121784241890540160e+17
5.122225013382030720e+17
5.122666464814360320e+17
5.123108904177076480e+17
5.123552051410893440e+17
5.123995614922632960e+17
5.124439926883978240e+17
5.124884779360565120e+17
5.125330540786078720e+17
5.125777245474355840e+17
5.126224808590509440e+17
5.126673286242570880e+17
5.127122208439656320e+17
5.127571869638371200e+17
5.128022039033745280e+17
5.128472841204648960e+17
5.128924833387479040e+17
5.129377482332045440e+17
5.129831142049662720e+17
5.130285604816218240e+17
5.130740403676224640e+17
5.131196021469501440e+17
5.131652151266932480e+17
5.132109075172901120e+17
5.132567081248867840e+17
5.133025841660633600e+17
5.133485562533519360e+17
5.133945873766693120e+17
5.134406745230812160e+17
5.134868259098425600e+17
5.135330361528294400e+17
5.135793525765214720e+17
5.136257451246323200e+17
5.136722374267660800e+17
5.137188168731425280e+17
5.137654275471279360e+17
5.138121231145760000e+17
5.138588681651365760e+17
5.139056836150468480e+17
5.139526159971650560e+17
5.139996172388421120e+17
5.140467180025387520e+17
5.140938899325943680e+17
5.141411044626069120e+17
5.141883942936389120e+17
5.142357389606384640e+17
5.142831757297646720e+17
5.143307071112994560e+17
5.143783255155136640e+17
5.144260360162083840e+17
5.144737911226035200e+17
5.145216213532014080e+17
5.145695029250163200e+17
5.146174484797931520e+17
5.146655142591013120e+17
5.147136462906667520e+17
5.147618801965074560e+17
5.148101949329202560e+17
5.148585440593186560e+17
5.149069757102288640e+17
5.149554593114342400e+17
5.150040234099779200e+17
5.150526962666348160e+17
5.151014455793787520e+17
5.151502916601440000e+17
5.151991970979317760e+17
5.152481597295408000e+17
5.152971869583364480e+17
5.153462738921217920e+17
5.153954683324810240e+17
5.154447392155018240e+17
5.154941108413390720e+17
5.155435704216736000e+17
5.155930615463839360e+17
5.156426384984071680e+17
5.156922656568021760e+17
5.157419641968926080e+17
5.157917804291464320e+17
5.158416664129143040e+17
5.158916527120042880e+17
5.159417106522496000e+17
5.159918121572176640e+17
5.160419895061692800e+17
5.160922225022940800e+17
5.161425487984862720e+17
5.161929701193061760e+17
5.162434796352739200e+17
5.162940819646568960e+17
5.163447291656225280e+17
5.163954526911227520e+17
5.164462281432141440e+17
5.164970683664047360e+17
5.165480299700814080e+17
5.165990585079562240e+17
5.166501897768608640e+17
5.167014024882548480e+17
5.167526503857690240e+17
5.168039815096285440e+17
5.168553653653448320e+17
5.169068308049479040e+17
5.169584056487841920e+17
5.170100579797629440e+17
5.170618078706974080e+17
5.171136175461497600e+17
5.171654855551218560e+17
5.172174186231486080e+17
5.172694122671592960e+17
5.173215147248291200e+17
5.173736940648026880e+17
5.174259751690006400e+17
5.174783450180631040e+17
5.175307469604046720e+17
5.175832356211201280e+17
5.176357752483620480e+17
5.176883872496925440e+17
5.177411177857585920e+17
5.177939189907942400e+17
5.178468213701827200e+17
5.178997959632364160e+17
5.179528150766131840e+17
5.180059106664942720e+17
5.180590627416875520e+17
5.181123093049622400e+17
5.181656514346700800e+17
5.182190829234047360e+17
5.182726080180092800e+17
5.183261783670478720e+17
5.183798262158777600e+17
5.184335266420412800e+17
5.184872927554907520e+17
5.185411812495127680e+17
5.185951375105073920e+17
5.186491974204340480e+17
5.187033394730719360e+17
5.187575175220166400e+17
5.188117795722365440e+17
5.188660951678074880e+17
5.189204934333745920e+17
5.189750018575434240e+17
5.190295888075159040e+17
5.190842741808446080e+17
5.191390198748933760e+17
5.191938250093913600e+17
5.192486957725268480e+17
5.193036280050706560e+17
5.193586703389651200e+17
5.194137901190933760e+17
5.194690127176241280e+17
5.195243248709395840e+17
5.195796698225087360e+17
5.196351023804332160e+17
5.196905867022719360e+17
5.197461444002856960e+17
5.198018215611693440e+17
5.198575703332890240e+17
5.199134212059196160e+17
5.199693449645457280e+17
5.200253141885089280e+17
5.200813606135386880e+17
5.201374643892314240e+17
5.201936638306104320e+17
5.202499595130979840e+17
5.203063457089837440e+17
5.203628263801921920e+17
5.204193528079086720e+17
5.204759578844750720e+17
5.205326162559954560e+17
5.205893412514729600e+17
5.206461896891072640e+17
5.207031067695363840e+17
5.207601284792958720e+17
5.208172331222858240e+17
5.208743745847576960e+17
5.209316008987900800e+17
5.209888816039644160e+17
5.210462460644673280e+17
5.211037215491843200e+17
5.211612766053015680e+17
5.212189310210803200e+17
5.212766464046471680e+17
5.213344223014009600e+17
5.213922645066322560e+17
5.214501690974260480e+17
5.215081850573921280e+17
5.215662791545618560e+17
5.216244771573768320e+17
5.216827656050191360e+17
5.217410875938766720e+17
5.217994981347035520e+17
5.218579612745249280e+17
5.219164988021260800e+17
5.219751568089623680e+17
5.220338873937176320e+17
5.220927210736592000e+17
5.221516284137953280e+17
5.222105821526255360e+17
5.222696139114457600e+17
5.223287039138772480e+17
5.223878907488575360e+17
5.224471746355644160e+17
5.225065501798627200e+17
5.225660211474191360e+17
5.226255384950032000e+17
5.226851356134192640e+17
5.227447868127646720e+17
5.228045055932286720e+17
5.228643489412339840e+17
5.229242618508154240e+17
5.229842804339557760e+17
5.230443828330625280e+17
5.231045228871358080e+17
5.231647487204783360e+17
5.232250298235303680e+17
5.232853957662938880e+17
5.233458737128789760e+17
5.234064322829983360e+17
5.234670912234265600e+17
5.235278118916926720e+17
5.235885941105895680e+17
5.236494434304597760e+17
5.237103560751786240e+17
5.237713813366832000e+17
5.238324855560130560e+17
5.238936948017322880e+17
5.239549954642152320e+17
5.240163304486160000e+17
5.240777549900199680e+17
5.241392330037734400e+17
5.242007864264360960e+17
5.242624614353202560e+17
5.243242100131272960e+17
5.243860627506961920e+17
5.244479900265175040e+17
5.245099646220166400e+17
5.245720181529431680e+17
5.246341308485212160e+17
5.246963415325867520e+17
5.247586502177993600e+17
5.248210516941994240e+17
5.248835496217668480e+17
5.249460946765204480e+17
5.250087205963828480e+17
5.250714014529471360e+17
5.251341508684877440e+17
5.251970260427422080e+17
5.252599717405502720e+17
5.253230242212950400e+17
5.253861614948037120e+17
5.254493372707841920e+17
5.255125998330424320e+17
5.255759185769511680e+17
5.256393232440005120e+17
5.257028410109777920e+17
5.257664404600403840e+17
5.258301413658395520e+17
5.258939048745788800e+17
5.259577309353237760e+17
5.260216250044472960e+17
5.260855833613435520e+17
5.261496555622330240e+17
5.262138076736915200e+17
5.262780659663660160e+17
5.263424167313157760e+17
5.264068026368083840e+17
5.264712791653258880e+17
5.265358100785312640e+17
5.266004174314919680e+17
5.266651475703893760e+17
5.267299522937425280e+17
5.267948623127091200e+17
5.268598478537747840e+17
5.269248816227745920e+17
5.269899953411356160e+17
5.270551691738874240e+17
5.271204421401169920e+17
5.271858141983573120e+17
5.272512801706224640e+17
5.273168437034360320e+17
5.273824552363957760e+17
5.274481487006606080e+17
5.275138980286060160e+17
5.275797169144891520e+17
5.276456628177163520e+17
5.277116802502393600e+17
5.277778056415308800e+17
5.278440168982157440e+17
5.279102675170080640e+17
5.279766060100663680e+17
5.280430016308067200e+17
5.281094842573308800e+17
5.281760811986403840e+17
5.282427608871655680e+17
5.283095431960731520e+17
5.283763891001018240e+17
5.284432985209992960e+17
5.285102769746965760e+17
5.285773207033414400e+17
5.286444794827264000e+17
5.287117192598730880e+17
5.287790664078737920e+17
5.288465071688273280e+17
5.289139839274878720e+17
5.289815524375294080e+17
5.290491762844166400e+17
5.291168776120016000e+17
5.291847030197883520e+17
5.292526040526110080e+17
5.293206115895442560e+17
5.293886957400830080e+17
5.294568290140983040e+17
5.295250433517148800e+17
5.295933187828824320e+17
5.296616944817043200e+17
5.297301705072623360e+17
5.297987415590244480e+17
5.298674113636928640e+17
5.299361301694025600e+17
5.300049319444163840e+17
5.300737905826704640e+17
5.301427197995400320e+17
5.302117773611877120e+17
5.302809075025450880e+17
5.303501468462480000e+17
5.304194732255009920e+17
5.304888398391418880e+17
5.305582954974985600e+17
5.306278092644989440e+17
5.306974111194830080e+17
5.307671286248568320e+17
5.308369299496072960e+17
5.309068351370428800e+17
5.309768050308415360e+17
5.310468393697564160e+17
5.311169438848658560e+17
5.311871146870699520e+17
5.312574017263907200e+17
5.313277709872971520e+17
5.313982488443863680e+17
5.314688215417704320e+17
5.315394311336266880e+17
5.316101336686737280e+17
5.316808925335112960e+17
5.317517299306587520e+17
5.318226927983507200e+17
5.318937323575411200e+17
5.319648797033468800e+17
5.320361048637339520e+17
5.321073800308177280e+17
5.321787374776834560e+17
5.322501570275193600e+17
5.323216779686680320e+17
5.323933006173354240e+17
5.324650193940956800e+17
5.325368382006110720e+17
5.326087071391015680e+17
5.326806600568459520e+17
5.327526709113111040e+17
5.328247533876104960e+17
5.328969656059398400e+17
5.329692515003173120e+17
5.330416479096394240e+17
5.331141326238132480e+17
5.331866584582318720e+17
5.332592745915544960e+17
5.333319498503782400e+17
5.334047142794658560e+17
5.334775958170279040e+17
5.335505622539049600e+17
5.336236338758663040e+17
5.336967714364289280e+17
5.337699743339850880e+17
5.338432486719080320e+17
5.339165903348779520e+17
5.339900494012111360e+17
5.340635920516189440e+17
5.341372445602627840e+17
5.342109932246117760e+17
5.342847797213185920e+17
5.343586604173656960e+17
5.344325984780380160e+17
5.345066161340733440e+17
5.345807607483006080e+17
5.346549831475317120e+17
5.347293146912464000e+17
5.348037253617354240e+17
5.348781869105967360e+17
5.349527320588145920e+17
5.350273403506400000e+17
5.351020511473824000e+17
5.351768651804466560e+17
5.352517764338443520e+17
5.353267890798591360e+17
5.354018531208929920e+17
5.354770021235016320e+17
5.355522102115368960e+17
5.356274909882088960e+17
5.357029029746536960e+17
5.357783897810190080e+17
5.358539884852115840e+17
5.359296768642394240e+17
5.360054072643046400e+17
5.360812293022693120e+17
5.361571115195829120e+17
5.362330839902283520e+17
5.363091751513790720e+17
5.363853523006112000e+17
5.364616360388642560e+17
5.365379870708421120e+17
5.366144042959223040e+17
5.366908943479646720e+17
5.367674527897606400e+17
5.368441297814339200e+17
5.369208918602124800e+17
5.369977650971980160e+17
5.370747358946725760e+17
5.371517455055000320e+17
5.372288506368045440e+17
5.373060142107002880e+17
5.373832584554276480e+17
5.374606312442193280e+17
5.375380829400565120e+17
5.376156452149589760e+17
5.376932880417298560e+17
5.377709826081790080e+17
5.378487621982206080e+17
5.379266060048084480e+17
5.380045534205005440e+17
5.380826057510588160e+17
5.381607563854720640e+17
5.382390098629065600e+17
5.383173161325519360e+17
5.383957083191678080e+17
5.384741608164088320e+17
5.385526870939369600e+17
5.386313461197971200e+17
5.387100811589576320e+17
5.387889295503596160e+17
5.388678690887195520e+17
5.389468515656427520e+17
5.390259271051198720e+17
5.391050639160129280e+17
5.391842920649940480e+17
5.392636406116415360e+17
5.393430762453304320e+17
5.394226199549548160e+17
5.395022324381502720e+17
5.395819119357632000e+17
5.396616657708403840e+17
5.397414890881982080e+17
5.398214320827674880e+17
5.399014618097384960e+17
5.399816040341619840e+17
5.400618452866301440e+17
5.401421264346438400e+17
5.402225044618503040e+17
5.403029420541301120e+17
5.403834614063130240e+17
5.404641109872550400e+17
5.405448406276610560e+17
5.406256823597676160e+17
5.407066061833523200e+17
5.407875825991412480e+17
5.408686455684948480e+17
5.409497738608450560e+17
5.410310068578814080e+17
5.411123465995522560e+17
5.411937857210954240e+17
5.412753292251470720e+17
5.413569270547555840e+17
5.414386117307937280e+17
5.415203580203781760e+17
5.416021792657315200e+17
5.416841347537820800e+17
5.417661675578584960e+17
5.418483152413523840e+17
5.419305556474350720e+17
5.420128399285943040e+17
5.420952187832519680e+17
5.421776600409767680e+17
5.422601937243286400e+17
5.423428496385418240e+17
5.424255937506355840e+17
5.425084475099999360e+17
5.425913716492932480e+17
5.426743635908772480e+17
5.427574315056486400e+17
5.428405700242384640e+17
5.429238293289166080e+17
5.430071771551114240e+17
5.430906388588046080e+17
5.431742010197275520e+17
5.432578044670428160e+17
5.433415060877510400e+17
5.434252684420620800e+17
5.435091136603516800e+17
5.435930908911921920e+17
5.436771493664844800e+17
5.437613215255016320e+17
5.438455774316707840e+17
5.439298867757991680e+17
5.440142843100770560e+17
5.440987483086570240e+17
5.441833180999010560e+17
5.442679966179879040e+17
5.443527755859852800e+17
5.444376605666057600e+17
5.445226015442496000e+17
5.446076302731409280e+17
5.446927219974102400e+17
5.447778899945504640e+17
5.448631935720392960e+17
5.449485759364209920e+17
5.450340747813743360e+17
5.451196680293389440e+17
5.452053061106018560e+17
5.452910403629960320e+17
5.453768381912008320e+17
5.454627295366581120e+17
5.455487450728029440e+17
5.456348499315715840e+17
5.457210660948065280e+17
5.458073543725702400e+17
5.458937112088100480e+17
5.459801457803189120e+17
5.460666521075112320e+17
5.461532803121020800e+17
5.462399989725303680e+17
5.463268329330035840e+17
5.464137688437181440e+17
5.465007475414067840e+17
5.465878257432574080e+17
5.466749658949722240e+17
5.467621900313747200e+17
5.468495480631438720e+17
5.469369885594872320e+17
5.470245444122920960e+17
5.471121857854576640e+17
5.471998814380226560e+17
5.472876670246024320e+17
5.473755202531245440e+17
5.474634803558731520e+17
5.475515513210716800e+17
5.476397238020718080e+17
5.477280040179939200e+17
5.478163420424558720e+17
5.479047686999429120e+17
5.479932598146986880e+17
5.480818285781645440e+17
5.481705342718495360e+17
5.482593203097157120e+17
5.483482245044810240e+17
5.484372248886588800e+17
5.485262710892770560e+17
5.486154151455062400e+17
5.487046239930370560e+17
5.487939274550437760e+17
5.488833571944912000e+17
5.489728773975770240e+17
5.490625106496276480e+17
5.491522178807243520e+17
5.492419943969550080e+17
5.493318505378501760e+17
5.494217796180688000e+17
5.495118316505019520e+17
5.496019762195020160e+17
5.496922375554762880e+17
5.497826024000781440e+17
5.498730116446547840e+17
5.499635217610097920e+17
5.500540950930644480e+17
5.501447535490112640e+17
5.502355478817413120e+17
5.503264259372448640e+17
5.504174211039758080e+17
5.505085036832085120e+17
5.505996413818737280e+17
5.506908708661527040e+17
5.507821692079707520e+17
5.508735755005521920e+17
5.509650949452643840e+17
5.510567169696850560e+17
5.511484485450712320e+17
5.512402398824484480e+17
5.513321207135200000e+17
5.514240675449116160e+17
5.515160934610796800e+17
5.516082576698537600e+17
5.517005038693317760e+17
5.517928699783890560e+17
5.518853341703313280e+17
5.519778451904904320e+17
5.520704558374967040e+17
5.521631325358499840e+17
5.522559049532341120e+17
5.523488058617079680e+17
5.524417983938364800e+17
5.525349058081698560e+17
5.526280891975973760e+17
5.527213425718796160e+17
5.528146775882979840e+17
5.529080867610398080e+17
5.530016199455743360e+17
5.530952478948323840e+17
5.531889941244458880e+17
5.532828454880704640e+17
5.533767429799450240e+17
5.534707427482456320e+17
5.535648070496617600e+17
5.536589576347750400e+17
5.537532461758931840e+17
5.538476197394036480e+17
5.539421122522406400e+17
5.540366941899663360e+17
5.541313320891384960e+17
5.542260637334825600e+17
5.543208654906879360e+17
5.544157762717650560e+17
5.545108026491136640e+17
5.546059326705933440e+17
5.547011741543952000e+17
5.547964774974161920e+17
5.548918711759574400e+17
5.549873324800863360e+17
5.550828743668456320e+17
5.551785559213838720e+17
5.552743212054368000e+17
5.553702082292590720e+17
5.554661953374973440e+17
5.555622303186068480e+17
5.556583667842024960e+17
5.557545706077114240e+17
5.558508712641031680e+17
5.559473027517593600e+17
5.560438270451939840e+17
5.561404681442514560e+17
5.562371873475295360e+17
5.563339772114831360e+17
5.564308508636814080e+17
5.565277999242888320e+17
5.566248740424811520e+17
5.567220453172469760e+17
5.568193364035749120e+17
5.569167343334385920e+17
5.570141802381337600e+17
5.571117298610207360e+17
5.572093453881962880e+17
5.573070483818345600e+17
5.574048915073214720e+17
5.575028209999930240e+17
5.576008713647159680e+17
5.576990132881881600e+17
5.577972120209838080e+17
5.578955065664590080e+17
5.579938725217647360e+17
5.580923485724355200e+17
5.581909428180595200e+17
5.582896417756076160e+17
5.583884542037216000e+17
5.584873307338482560e+17
5.585862982279028480e+17
5.586853354504299520e+17
5.587844546196647680e+17
5.588837148448804480e+17
5.589830606340083840e+17
5.590825300717405440e+17
5.591821017043588480e+17
5.592817222921708800e+17
5.593814463078846720e+17
5.594812390367293440e+17
5.595811297238077440e+17
5.596811537081313280e+17
5.597812717059603200e+17
5.598815085244411520e+17
5.599818257108241920e+17
5.600822142133077120e+17
5.601826887791290880e+17
5.602832400424065920e+17
5.603839173969301120e+17
5.604846947609182720e+17
5.605855928944956160e+17
5.606865999637882880e+17
5.607876569760156800e+17
5.608888191853040000e+17
5.609900487261632000e+17
5.610913669418328960e+17
5.611928275602323840e+17
5.612943759399674880e+17
5.613960472003827840e+17
5.614978122760167040e+17
5.615996350191169920e+17
5.617015557500940800e+17
5.618035492315998080e+17
5.619056538803889920e+17
5.620078794771136000e+17
5.621102108601492480e+17
5.622126578204602880e+17
5.623151712728826240e+17
5.624177761584238080e+17
5.625204532514631040e+17
5.626232135744337920e+17
5.627261163548275840e+17
5.628291066326764800e+17
5.629322225477203840e+17
5.630354428778240000e+17
5.631387132884771200e+17
5.632420891553094400e+17
5.633455351414444160e+17
5.634490802251197440e+17
5.635527611967304960e+17
5.636565374190833280e+17
5.637604345701550080e+17
5.638644144887667200e+17
5.639684663625002880e+17
5.640726067037740800e+17
5.641768250705397120e+17
5.642811705519506560e+17
5.643856190778275840e+17
5.644901893194680320e+17
5.645948706941931520e+17
5.646996041048811520e+17
5.648044442284796160e+17
5.649093531695796480e+17
5.650143520223216640e+17
5.651194956416992640e+17
5.652247284705560320e+17
5.653300862758887680e+17
5.654355402765550080e+17
5.655410528180403200e+17
5.656466656297675520e+17
5.657523525786978560e+17
5.658581517695333120e+17
5.659640748150087040e+17
5.660701047313876480e+17
5.661762524317986560e+17
5.662824691633989120e+17
5.663887777549747840e+17
5.664951611831064320e+17
5.666016291588284800e+17
5.667082410068393600e+17
5.668149423888170880e+17
5.669217714774204800e+17
5.670287073116027520e+17
5.671356944006867840e+17
5.672427890578737280e+17
5.673499552939696640e+17
5.674572217835846400e+17
5.675646268750525440e+17
5.676721284883415680e+17
5.677797532328746240e+17
5.678874632818602880e+17
5.679952459130925440e+17
5.681031195450610560e+17
5.682110725717376640e+17
5.683191537282915200e+17
5.684273411463771520e+17
5.685356512178528000e+17
5.686440747267129600e+17
5.687525524930881280e+17
5.688611385249707520e+17
5.689697949216617600e+17
5.690785424984974720e+17
5.691874372964439040e+17
5.692964228111111040e+17
5.694055354864613120e+17
5.695147468618354560e+17
5.696240176721076480e+17
5.697333911413534080e+17
5.698428401828759680e+17
5.699524025461583360e+17
5.700620918235671040e+17
5.701718890706973440e+17
5.702818064102458240e+17
5.703917954706526720e+17
5.705018767796031360e+17
5.706120357045105920e+17
5.707222805312303360e+17
5.708326706586800640e+17
5.709431524636805120e+17
5.710537641266316160e+17
5.711644849765370240e+17
5.712752583112859520e+17
5.713861414081719040e+17
5.714970975996773760e+17
5.716081552203486080e+17
5.717193542781168640e+17
5.718306511674102400e+17
5.719420734863419520e+17
5.720535837851442560e+17
5.721651672864634880e+17
5.722768444503450240e+17
5.723886024216881280e+17
5.725004895323023360e+17
5.726124863032137600e+17
5.727246066602814080e+17
5.728368428677150720e+17
5.729491356865400960e+17
5.730615383598645120e+17
5.731740130096124160e+17
5.732865801431734400e+17
5.733992970399608320e+17
5.735121062254056320e+17
5.736250448453760640e+17
5.737380847954545920e+17
5.738511851013448960e+17
5.739643905602177280e+17
5.740776730774421120e+17
5.741910700043025280e+17
5.743045970562455040e+17
5.744182331953957120e+17
5.745319918385630720e+17
5.746458250443891200e+17
5.747597508535925760e+17
5.748737572085825920e+17
5.749878508584619520e+17
5.751020912512057600e+17
5.752164255765490560e+17
5.753308919940853760e+17
5.754454701511808000e+17
5.755601020859001600e+17
5.756748460570311680e+17
5.757896646974591360e+17
5.759045859656497280e+17
5.760196516251774720e+17
5.761348164698103680e+17
5.762501091397443840e+17
5.763654926046065280e+17
5.764809498910120960e+17
5.765965036298041600e+17
5.767121396348838400e+17
5.768279057853676800e+17
5.769437851759032320e+17
5.770597890845918720e+17
5.771759113670708480e+17
5.772920927511558400e+17
5.774083856146485760e+17
5.775247521336266240e+17
5.776412124790613760e+17
5.777578252140584960e+17
5.778745318804569600e+17
5.779913703460610560e+17
5.781083128979475200e+17
5.782253167601332480e+17
5.783424283731856640e+17
5.784596185844588800e+17
5.785769243043316480e+17
5.786943635099966720e+17
5.788119129439141120e+17
5.789295873982411520e+17
5.790473394106206720e+17
5.791651843525646080e+17
5.792831129203985920e+17
5.794011302175166720e+17
5.795192957134106880e+17
5.796375575131136000e+17
5.797559537231562240e+17
5.798744643368167680e+17
5.799930300916614400e+17
5.801117102352081920e+17
5.802304666847633920e+17
5.803493269872157440e+17
5.804683347514492160e+17
5.805874431039888640e+17
5.807066817761472000e+17
5.808260141989615360e+17
5.809454210673068800e+17
5.810649273049464320e+17
5.811845173164910080e+17
5.813042384791523840e+17
5.814240766415313920e+17
5.815440402578100480e+17
5.816641248835121920e+17
5.817842712416026880e+17
5.819045307393167360e+17
5.820248656423837440e+17
5.821452957576706560e+17
5.822658809691336960e+17
5.823865618322046720e+17
5.825073769511729920e+17
5.826282990392531200e+17
5.827492834330910720e+17
5.828703782778263040e+17
5.829915533174378240e+17
5.831128449790566400e+17
5.832342736347898880e+17
5.833558136887438080e+17
5.834774813858685440e+17
5.835992297914073600e+17
5.837210714297045760e+17
5.838429999238571520e+17
5.839650186256480000e+17
5.840871869088335360e+17
5.842094541624483840e+17
5.843318581422824960e+17
5.844543793013116160e+17
5.845769570445326080e+17
5.846996516041616640e+17
5.848224241718270720e+17
5.849453018479701760e+17
5.850683301692627200e+17
5.851914605379480320e+17
5.853147238205927680e+17
5.854380839512096000e+17
5.855615191631385600e+17
5.856850567871366400e+17
5.858086797443613440e+17
5.859324348611119360e+17
5.860563109156917760e+17
5.861803133686329600e+17
5.863044395806118400e+17
5.864286307266159360e+17
5.865529358553560320e+17
5.866773186395426560e+17
5.868017980693297920e+17
5.869264353776883200e+17
5.870511701425468160e+17
5.871760417131523840e+17
5.873010232627801600e+17
5.874260681626859520e+17
5.875512263135889920e+17
5.876764663160103680e+17
5.878018240719513600e+17
5.879273224753523200e+17
5.880529334817222400e+17
5.881786748619632640e+17
5.883045002572303360e+17
5.884304191717027840e+17
5.885564283211720960e+17
5.886825292034240000e+17
5.888087805781719040e+17
5.889351346871921920e+17
5.890616274387148800e+17
5.891882402564253440e+17
5.893149111902129920e+17
5.894417014405333760e+17
5.895685714697387520e+17
5.896955478976931840e+17
5.898226782632961280e+17
5.899499121980737280e+17
5.900772817425242880e+17
5.902047513746461440e+17
5.903322967431504640e+17
5.904599476908291840e+17
5.905876855858764800e+17
5.907155566549637120e+17
5.908435527765559040e+17
5.909716762551258880e+17
5.910999263581024000e+17
5.912282449049006080e+17
5.913566779943238400e+17
5.914851912259522560e+17
5.916138025890434560e+17
5.917425746838076160e+17
5.918714461324701440e+17
5.920004570310003200e+17
5.921295810458163200e+17
5.922587695133163520e+17
5.923880741295361280e+17
5.925174623173219840e+17
5.926469694122320640e+17
5.927766209498974720e+17
5.929063863364439040e+17
5.930362849370576640e+17
5.931662710167345920e+17
5.932963508921977600e+17
5.934265245299961600e+17
5.935567914755389440e+17
5.936872098191247360e+17
5.938177348317525760e+17
5.939484004704207360e+17
5.940791891733980160e+17
5.942100376234501120e+17
5.943410079591619840e+17
5.944720599171687680e+17
5.946032196034869760e+17
5.947345366247422720e+17
5.948659588070336000e+17
5.949975193974105600e+17
5.951291834582053120e+17
5.952609239379339520e+17
5.953927732863962880e+17
5.955247112545169920e+17
5.956567834210115840e+17
5.957889849289305600e+17
5.959213147725351680e+17
5.960537742234455040e+17
5.961863058001799680e+17
5.963189524769323520e+17
5.964516818825041920e+17
5.965845109631392000e+17
5.967175036935587840e+17
5.968505977762325760e+17
5.969838340482403840e+17
5.971171867012632320e+17
5.972506049768542720e+17
5.973841423936721920e+17
5.975177651691571200e+17
5.976515080317867520e+17
5.977853992708410880e+17
5.979194056527827200e+17
5.980535482000311040e+17
5.981877818488704000e+17
5.983221095677516800e+17
5.984565347232106240e+17
5.985910548144296960e+17
5.987257272071271680e+17
5.988605103735902720e+17
5.989954362212016640e+17
5.991304882418915840e+17
5.992656017508485120e+17
5.994008397797310720e+17
5.995361613508655360e+17
5.996715920241395200e+17
5.998071835295105280e+17
5.999428818658485760e+17
6.000787215126827520e+17
6.002146681562466560e+17
6.003506919377105920e+17
6.004868279976756480e+17
6.006230544112920320e+17
6.007594160614827520e+17
6.008959115134606080e+17
6.010325363063929600e+17
6.011692938088294400e+17
6.013061272927706880e+17
6.014430764378453760e+17
6.015801109988354560e+17
6.017172468418923520e+17
6.018545493115098880e+17
6.019919552418059520e+17
6.021295061972839680e+17
6.022671769259064320e+17
6.024049145248668160e+17
6.025427743490894080e+17
6.026807213900232960e+17
6.028187897292262400e+17
6.029570105127719680e+17
6.030953477888222720e+17
6.032338242939892480e+17
6.033723956827025920e+17
6.035110614216387840e+17
6.036498284166712320e+17
6.037886920319873280e+17
6.039277088538556160e+17
6.040668407228668160e+17
6.042061174043197440e+17
6.043455234775786240e+17
6.044849929024657920e+17
6.046245895423472640e+17
6.047642717252313600e+17
6.049040644337209600e+17
6.050440215658003200e+17
6.051840872854767360e+17
6.053242973233256960e+17
6.054646180281454080e+17
6.056050166359548160e+17
6.057455310496139520e+17
6.058861376164069120e+17
6.060268804762272000e+17
6.061677617663459840e+17
6.063087734362705920e+17
6.064499210389629440e+17
6.065911486538891520e+17
6.067324925015649280e+17
6.068739245532686080e+17
6.070154596904730880e+17
6.071571642287834880e+17
6.072989745830041600e+17
6.074409328956225280e+17
6.075830145006608640e+17
6.077251643129597440e+17
6.078674395223842560e+17
6.080098038816492800e+17
6.081522907864774400e+17
6.082949343331193600e+17
6.084376957856220160e+17
6.085805996451306240e+17
6.087236023303714560e+17
6.088666996609361920e+17
6.090099022104028160e+17
6.091532031248702720e+17
6.092966581566877440e+17
6.094402326760170240e+17
6.095839542201960960e+17
6.097278079293073920e+17
6.098717280977859840e+17
6.100157776776468480e+17
6.101599148865693440e+17
6.103041640999878400e+17
6.104485814166359040e+17
6.105931091735119360e+17
6.107377843627349760e+17
6.108825740332920320e+17
6.110274424285914880e+17
6.111724302716225280e+17
6.113175121367973120e+17
6.114627313744604160e+17
6.116080938352418560e+17
6.117535877558789120e+17
6.118992209553669120e+17
6.120449383741213440e+17
6.121907726151157760e+17
6.123366979497017600e+17
6.124827288136979200e+17
6.126289307683571200e+17
6.127752415890053120e+17
6.129217033995717120e+17
6.130682921485213440e+17
6.132149505429824000e+17
6.133617375900874240e+17
6.135086157996572160e+17
6.136556178437246720e+17
6.138027808513137920e+17
6.139500632506389760e+17
6.140974913504209920e+17
6.142450223790058240e+17
6.143926483727178240e+17
6.145403836890545920e+17
6.146882191792284160e+17
6.148362097077070080e+17
6.149843243428158720e+17
6.151325882739664640e+17
6.152809871253912320e+17
6.154294559718556160e+17
6.155780563372152320e+17
6.157267465078085120e+17
6.158755502234461440e+17
6.160245258032128000e+17
6.161736137818543360e+17
6.163228524147068160e+17
6.164722094873899520e+17
6.166216461746379520e+17
6.167712060625454080e+17
6.169208619154305280e+17
6.170706562484160000e+17
6.172205987572348160e+17
6.173706738553980160e+17
6.175208917030548480e+17
6.176711981544341760e+17
6.178216215981267200e+17
6.179721400173635840e+17
6.181227660560769280e+17
6.182735648935695360e+17
6.184244757972478720e+17
6.185755408215494400e+17
6.187267365562087680e+17
6.188780034890900480e+17
6.190294024091133440e+17
6.191808945884088320e+17
6.193325119386720000e+17
6.194842946924350720e+17
6.196361984057937920e+17
6.197882512300757760e+17
6.199404112476039680e+17
6.200926665853925120e+17
6.202450354876583680e+17
6.203975064409009920e+17
6.205501333683658240e+17
6.207028899731964160e+17
6.208557966590158080e+17
6.210088419104478720e+17
6.211619608677400320e+17
6.213152134905012480e+17
6.214685581898821120e+17
6.216220180432069120e+17
6.217756535952006400e+17
6.219294036214964480e+17
6.220833076327020800e+17
6.222373341861780480e+17
6.223914413244492800e+17
6.225456755233923840e+17
6.227000077085440000e+17
6.228544795151100160e+17
6.230091046050944000e+17
6.231638634722502400e+17
6.233187686858240000e+17
6.234737670659884800e+17
6.236288822746366720e+17
6.237840971796958720e+17
6.239394215202260480e+17
6.240949203860602880e+17
6.242505346759239680e+17
6.244063063171159040e+17
6.245622125657363200e+17
6.247181916938995200e+17
6.248743062174714880e+17
6.250305161862895360e+17
6.251868527164280320e+17
6.253433592016485120e+17
6.254999883064986880e+17
6.256567700511737600e+17
6.258136634152277760e+17
6.259706525015110400e+17
6.261277595290321920e+17
6.262849705574224640e+17
6.264423385161150720e+17
6.265998419139603200e+17
6.267574962128305920e+17
6.269152928581383680e+17
6.270731671016271360e+17
6.272311771945373440e+17
6.273892817360869120e+17
6.275475031160222720e+17
6.277059040943982080e+17
6.278644217508436480e+17
6.280230968328264960e+17
6.281818987030613760e+17
6.283407822220375040e+17
6.284997967643196160e+17
6.286589113972979200e+17
6.288181668326955520e+17
6.289775808082804480e+17
6.291371298168057600e+17
6.292968288966540800e+17
6.294566258851969280e+17
6.296165395521666560e+17
6.297765577988487680e+17
6.299366873642551040e+17
6.300969931997007360e+17
6.302574179826444800e+17
6.304180034483677440e+17
6.305787275425187840e+17
6.307395263413635840e+17
6.309004640118691840e+17
6.310614994080565760e+17
6.312226628166238720e+17
6.313840008360482560e+17
6.315454632382735360e+17
6.317070819290368000e+17
6.318688168271187200e+17
6.320306479086914560e+17
6.321926014394702080e+17
6.323546609984997120e+17
6.325168784696936960e+17
6.326792373282041600e+17
6.328417479518602240e+17
6.330044048402519040e+17
6.331671434073104640e+17
6.333300200432288000e+17
6.334929936061913600e+17
6.336560857752359680e+17
6.338193614984805120e+17
6.339827562443009280e+17
6.341463119672500480e+17
6.343099988673369600e+17
6.344737685881789440e+17
6.346376733925776640e+17
6.348016804805836800e+17
6.349658295981521920e+17
6.351301426554790400e+17
6.352945920797990400e+17
6.354591954299985920e+17
6.356239016108910080e+17
6.357887243454929920e+17
6.359536567026339840e+17
6.361187023336167680e+17
6.362839258915374080e+17
6.364492723060948480e+17
6.366147827305011200e+17
6.367804359268183040e+17
6.369461658131695360e+17
6.371120381090284800e+17
6.372780105110871040e+17
6.374441124446218240e+17
6.376103937407800320e+17
6.377768012978181120e+17
6.379433689132528640e+17
6.381100574856647680e+17
6.382768427755720960e+17
6.384437551496579840e+17
6.386107756618984960e+17
6.387779551000129280e+17
6.389452820546496000e+17
6.391127616923494400e+17
6.392803916525254400e+17
6.394481082357085440e+17
6.396159638031668480e+17
6.397839195572560640e+17
6.399519957766423040e+17
6.401202595518438400e+17
6.402886448481514240e+17
6.404571947851138560e+17
6.406258804301166080e+17
6.407946501914027520e+17
6.409635591885336320e+17
6.411325727560935680e+17
6.413017296334380800e+17
6.414710559857751040e+17
6.416405201285757440e+17
6.418101421830991360e+17
6.419798721706740480e+17
6.421497186251191040e+17
6.423196799010677760e+17
6.424897564827395840e+17
6.426600118031400960e+17
6.428303957978676480e+17
6.430009463687490560e+17
6.431716439757713920e+17
6.433424204359160320e+17
6.435133428979696640e+17
6.436843679527896320e+17
6.438555241340846080e+17
6.440268645167104000e+17
6.441983331658394880e+17
6.443699657656477440e+17
6.445417242334873600e+17
6.447135800400880640e+17
6.448855676880954880e+17
6.450576656720346880e+17
6.452299236339435520e+17
6.454023354165806080e+17
6.455749008644697600e+17
6.457476208339655680e+17
6.459204328724812800e+17
6.460933842433356800e+17
6.462664394785465600e+17
6.464396171386370560e+17
6.466129863909347840e+17
6.467864798311201280e+17
6.469601416883170560e+17
6.471339439253100800e+17
6.473078317142448640e+17
6.474818629771532800e+17
6.476560011970504960e+17
6.478302840674924800e+17
6.480047420758862080e+17
6.481793393995976960e+17
6.483540987537584640e+17
6.485289713239493120e+17
6.487039603256072960e+17
6.488790694999767040e+17
6.490542960939244800e+17
6.492297022623622400e+17
6.494052431019617280e+17
6.495809531931855360e+17
6.497568147034670080e+17
6.499327574265424640e+17
6.501088497907514880e+17
6.502850473466716160e+17
6.504613777084053760e+17
6.506378971871649280e+17
6.508145470791439360e+17
6.509913649377264640e+17
6.511683137362201600e+17
6.513453605976449280e+17
6.515225441746291200e+17
6.516998403788801280e+17
6.518772976586260480e+17
6.520549152315051520e+17
6.522326875273784320e+17
6.524106186872980480e+17
6.525886475619361280e+17
6.527668161663680000e+17
6.529450924281996800e+17
6.531234931843307520e+17
6.533020895917509120e+17
6.534808130373086720e+17
6.536597087898835200e+17
6.538387497334081280e+17
6.540178778225117440e+17
6.541971537027056640e+17
6.543765390323701760e+17
6.545560704218876160e+17
6.547357827312458240e+17
6.549156359950115840e+17
6.550956555423833600e+17
6.552757937694213120e+17
6.554560484586051840e+17
6.556364288195111680e+17
6.558169288013607680e+17
6.559976092240437760e+17
6.561784304898150400e+17
6.563594237992734720e+17
6.565405727954082560e+17
6.567218060439484160e+17
6.569031923796147200e+17
6.570846866250264320e+17
6.572663154489662720e+17
6.574481383717011200e+17
6.576300940099760640e+17
6.578122217555732480e+17
6.579944856729473280e+17
6.581768484971633920e+17
6.583593530220661760e+17
6.585419725651639040e+17
6.587247543342858240e+17
6.589077030295370240e+17
6.590908075932139520e+17
6.592740755085725440e+17
6.594574469846895360e+17
6.596409586493752320e+17
6.598245818796835840e+17
6.600083324258577920e+17
6.601922814275632640e+17
6.603763611495819520e+17
6.605606171829972480e+17
6.607450233561390080e+17
6.609295184456352000e+17
6.611141657147713280e+17
6.612989250383439360e+17
6.614838319082215680e+17
6.616689255890462720e+17
6.618541619913936640e+17
6.620395690664290560e+17
6.622251004652144640e+17
6.624107484387070720e+17
6.625965277257068800e+17
6.627824289284094720e+17
6.629685114760052480e+17
6.631547412090645760e+17
6.633411459023635200e+17
6.635277098766447360e+17
6.637143629549862400e+17
6.639011718087137280e+17
6.640880914164281600e+17
6.642751474784378880e+17
6.644624026751447040e+17
6.646497930608558080e+17
6.648373598204757760e+17
6.650250681425899520e+17
6.652128763533073920e+17
6.654008313541952000e+17
6.655889038702053120e+17
6.657771398239165440e+17
6.659655494888642560e+17
6.661541162684081920e+17
6.663428510343091200e+17
6.665316954077844480e+17
6.667206800117191680e+17
6.669097811864884480e+17
6.670990125217747200e+17
6.672884443453267200e+17
6.674780111718589440e+17
6.676677584291712000e+17
6.678576609104922880e+17
6.680476542766292480e+17
6.682378042740833280e+17
6.684280690503837440e+17
6.686184829458027520e+17
6.688090896418000640e+17
6.689998409692463360e+17
6.691907674958187520e+17
6.693818241701928960e+17
6.695729976307522560e+17
6.697643081837194240e+17
6.699557430467915520e+17
6.701473602042129920e+17
6.703391320816826880e+17
6.705310799147697920e+17
6.707231917787485440e+17
6.709153978235134720e+17
6.711077623691482880e+17
6.713002406467607040e+17
6.714928573678414080e+17
6.716856783006179840e+17
6.718786370836293120e+17
6.720717766339943680e+17
6.722650632949698560e+17
6.724584509836183040e+17
6.726519906489436160e+17
6.728456504391187200e+17
6.730394749485680640e+17
6.732334800970594560e+17
6.734276437210731520e+17
6.736219801149547520e+17
6.738164323641926400e+17
6.740110243059448320e+17
6.742057392738206720e+17
6.744005867000953600e+17
6.745956366695660800e+17
6.747908261391283200e+17
6.749862002743758080e+17
6.751817348509305600e+17
6.753773625004725760e+17
6.755731512870295040e+17
6.757690577036666880e+17
6.759651149084738560e+17
6.761613709902777600e+17
6.763577737721116160e+17
6.765543564182252800e+17
6.767510752153888000e+17
6.769479111274725120e+17
6.771448900416446720e+17
6.773419957666023680e+17
6.775392847890309120e+17
6.777367363798931200e+17
6.779343647544170240e+17
6.781321621972075520e+17
6.783300591314853120e+17
6.785281173262699520e+17
6.787262923727640320e+17
6.789246079763777280e+17
6.791231328955795200e+17
6.793217985317852160e+17
6.795206494565420800e+17
6.797196531956276480e+17
6.799187592796550400e+17
6.801180226157928960e+17
6.803174088065221120e+17
6.805169610773829120e+17
6.807167010473818880e+17
6.809166009836267520e+17
6.811166786238255360e+17
6.813168785680555520e+17
6.815172177444002560e+17
6.817176865665482240e+17
6.819182902448610560e+17
6.821190985430087680e+17
6.823200510644517120e+17
6.825211926024065280e+17
6.827224999290955520e+17
6.829239027602396160e+17
6.831254712781536000e+17
6.833271604120307200e+17
6.835290021099441920e+17
6.837310488352021760e+17
6.839332445046896640e+17
6.841356248436053760e+17
6.843381475149255680e+17
6.845407877668901120e+17
6.847435770543413760e+17
6.849464957665825280e+17
6.851495988419722240e+17
6.853528725117747200e+17
6.855563238944920320e+17
6.857599495452848640e+17
6.859636807227569920e+17
6.861675749887749120e+17
6.863715898576232960e+17
6.865757475335539200e+17
6.867801196404103680e+17
6.869846355555709440e+17
6.871893414090222080e+17
6.873942059339514880e+17
6.875991743217057280e+17
6.878043053170137600e+17
6.880095620243225600e+17
6.882149862619776000e+17
6.884206053796766720e+17
6.886263861002790400e+17
6.888323496111695360e+17
6.890384420752916480e+17
6.892446734072199680e+17
6.894510411630186240e+17
6.896575462795029760e+17
6.898642570786430720e+17
6.900711191326279680e+17
6.902781736351720960e+17
6.904853994006859520e+17
6.906927233706667520e+17
6.909002176103514880e+17
6.911078355948252160e+17
6.913156080373388800e+17
6.915235917174208000e+17
6.917317267797034240e+17
6.919400514577468160e+17
6.921485248262213120e+17
6.923571163992622080e+17
6.925658631570666240e+17
6.927747420744642560e+17
6.929838064927975680e+17
6.931930496990516480e+17
6.934024716639706880e+17
6.936120732612826880e+17
6.938217874914960640e+17
6.940316650294581760e+17
6.942416678984840960e+17
6.944518159735102720e+17
6.946621835894663680e+17
6.948726983498439680e+17
6.950834078274650880e+17
6.952942819845715200e+17
6.955052617470289920e+17
6.957164095427057920e+17
6.959276860435747840e+17
6.961391316251563520e+17
6.963507793758784000e+17
6.965625905293899520e+17
6.967745897133683200e+17
6.969867246996200960e+17
6.971989983054415360e+17
6.974114152648460800e+17
6.976239722035105280e+17
6.978367356645386240e+17
6.980496581506444800e+17
6.982627763900428800e+17
6.984760714896732160e+17
6.986894677893333760e+17
6.989030389629566720e+17
6.991167371619257600e+17
6.993305918431861760e+17
6.995446640167854080e+17
6.997588902237455360e+17
6.999733111350688000e+17
7.001878872697081600e+17
7.004025824138228480e+17
7.006174389991772160e+17
7.008324306076631040e+17
7.010476089372441600e+17
7.012629744046236160e+17
7.014785198093294080e+17
7.016942503772712960e+17
7.019101009072729600e+17
7.021261150679912960e+17
7.023422594162717440e+17
7.025585515319253760e+17
7.027750682749879040e+17
7.029917357650616320e+17
7.032086028810881280e+17
7.034256408324531200e+17
7.036427863820898560e+17
7.038601054501040640e+17
7.040775563608911360e+17
7.042951780144793600e+17
7.045130092206448640e+17
7.047310058112408320e+17
7.049491958278397440e+17
7.051675286945644800e+17
7.053860000702016000e+17
7.056046218732455680e+17
7.058233863959232000e+17
7.060423583454725120e+17
7.062614972655183360e+17
7.064808354048737280e+17
7.067003554565387520e+17
7.069199813560815360e+17
7.071397860783462400e+17
7.073597212675578880e+17
7.075798151065103360e+17
7.078001327204240640e+17
7.080206072528052480e+17
7.082412817213953280e+17
7.084621181188280320e+17
7.086830745360870400e+17
7.089041987486905600e+17
7.091254609851147520e+17
7.093469112561754880e+17
7.095685571589569280e+17
7.097903843282528000e+17
7.100124023601000960e+17
7.102345479058664960e+17
7.104568575265665280e+17
7.106793023186690560e+17
7.109018988029912320e+17
7.111247225847571200e+17
7.113477021923132160e+17
7.115708864646877440e+17
7.117942478726200320e+17
7.120177191497130240e+17
7.122413694781045760e+17
7.124651549403607040e+17
7.126891129316144640e+17
7.129132879380688640e+17
7.131376305121856000e+17
7.133621720646118400e+17
7.135868637124144640e+17
7.138116939191936000e+17
7.140366817629208320e+17
7.142618151966836480e+17
7.144871570370740480e+17
7.147126745138956800e+17
7.149383937417966080e+17
7.151642999633488640e+17
7.153903183118109440e+17
7.156165187882241280e+17
7.158428533440945920e+17
7.160693488741954560e+17
7.162960744715818240e+17
7.165229601286682880e+17
7.167500510978995200e+17
7.169773108714769920e+17
7.172046919069184000e+17
7.174322471789003520e+17
7.176599436214750720e+17
7.178878295174264320e+17
7.181159196694752000e+17
7.183441925866513920e+17
7.185726622360288000e+17
7.188012671733008640e+17
7.190300354241039360e+17
7.192589466476245760e+17
7.194880124348892160e+17
7.197173079248926720e+17
7.199467647337957120e+17
7.201764313767845120e+17
7.204062815959252480e+17
7.206362442625987840e+17
7.208663915484533760e+17
7.210966774224465920e+17
7.213271377490032640e+17
7.215578226160055040e+17
7.217886774567239680e+17
7.220197369861317120e+17
7.222509540517438720e+17
7.224823099119889920e+17
7.227138307451343360e+17
7.229455001774746880e+17
7.231773790826703360e+17
7.234094433900410880e+17
7.236417102814147840e+17
7.238741703498675200e+17
7.241067491083019520e+17
7.243395133312435200e+17
7.245724154275116800e+17
7.248054809943280640e+17
7.250387829107481600e+17
7.252722483079174400e+17
7.255059245379640320e+17
7.257397766147025920e+17
7.259737514551572480e+17
7.262079070488821760e+17
7.264422071155226880e+17
7.266766981721384960e+17
7.269114022247599360e+17
7.271462907307927040e+17
7.273813820107857920e+17
7.276166165738054400e+17
7.278520137043802880e+17
7.280875620232569600e+17
7.283232677846676480e+17
7.285592056796844800e+17
7.287953106706558720e+17
7.290316307954533120e+17
7.292681410728373760e+17
7.295047667151824640e+17
7.297415825656057600e+17
7.299785406318716160e+17
7.302156752258178560e+17
7.304530419300231680e+17
7.306905812595205120e+17
7.309283311473436160e+17
7.311662462055104000e+17
7.314043005062749440e+17
7.316425272320116480e+17
7.318809057141264640e+17
7.321194948338496000e+17
7.323582792898944000e+17
7.325972673195669760e+17
7.328364548959371520e+17
7.330757684672770560e+17
7.333152699741817600e+17
7.335549137867219200e+17
7.337947237537465600e+17
7.340347763213213440e+17
7.342749960958028800e+17
7.345154323692446720e+17
7.347560516949088000e+17
7.349967955761049600e+17
7.352377267901683200e+17
7.354788059450652160e+17
7.357200777579646720e+17
7.359615714059361280e+17
7.362032514069735680e+17
7.364451403975052800e+17
7.366871808859736320e+17
7.369293833610009600e+17
7.371717453966261760e+17
7.374142678941797120e+17
7.376570238401571840e+17
7.378999552407020800e+17
7.381431060643624960e+17
7.383864537477544960e+17
7.386299200863576320e+17
7.388735822277762560e+17
7.391173903970334720e+17
7.393613773358122240e+17
7.396056039795659520e+17
7.398500061699875840e+17
7.400946249486713600e+17
7.403394167223925760e+17
7.405843484276725760e+17
7.408294601147631360e+17
7.410747268732732160e+17
7.413202055456131840e+17
7.415658896421775360e+17
7.418117784793637120e+17
7.420578734212192000e+17
7.423041031416067840e+17
7.425505209494085120e+17
7.427970868695454720e+17
7.430438218325857280e+17
7.432908055926086400e+17
7.435379606177995520e+17
7.437853379537643520e+17
7.440329057064509440e+17
7.442806001287389440e+17
7.445284885125120000e+17
7.447765284812810240e+17
7.450247629220445440e+17
7.452732281181864960e+17
7.455218818016536320e+17
7.457707508654723840e+17
7.460197798600819200e+17
7.462689704524238080e+17
7.465183291243662080e+17
7.467678514278542080e+17
7.470176080806684160e+17
7.472675497390337280e+17
7.475177148020805120e+17
7.477680835569502720e+17
7.480185746661931520e+17
7.482692671623476480e+17
7.485201096941355520e+17
7.487711334202274560e+17
7.490224044495357440e+17
7.492738542426318080e+17
7.495255268151180800e+17
7.497773803946120960e+17
7.500293748663979520e+17
7.502815569691155200e+17
7.505338976265838080e+17
7.507864515994551040e+17
7.510392212220825600e+17
7.512921969518615040e+17
7.515453855346977280e+17
7.517987179249749760e+17
7.520522387220828160e+17
7.523059135787738880e+17
7.525597608257698560e+17
7.528138625136172800e+17
7.530681401223072000e+17
7.533226459995107840e+17
7.535773498120890880e+17
7.538321827651563520e+17
7.540872163422397440e+17
7.543424053360153600e+17
7.545977907772998400e+17
7.548534159559413760e+17
7.551092320156391680e+17
7.553652700232819200e+17
7.556214766101916160e+17
7.558778446274067200e+17
7.561343893788394240e+17
7.563911010918702080e+17
7.566480481600282880e+17
7.569051899552952320e+17
7.571625593483758080e+17
7.574201381695649280e+17
7.576778459203732480e+17
7.579357593993585920e+17
7.581938271297643520e+17
7.584520786795266560e+17
7.587105851110630400e+17
7.589692738469687040e+17
7.592281917153062400e+17
7.594872987860478720e+17
7.597465480145930240e+17
7.600059926017734400e+17
7.602655994063929600e+17
7.605254210682265600e+17
7.607854687252601600e+17
7.610457240792744960e+17
7.613061992271006720e+17
7.615668274552792320e+17
7.618276440779654400e+17
7.620886218922691840e+17
7.623497765374663680e+17
7.626111884116616960e+17
7.628727826285602560e+17
7.631346112176252160e+17
7.633966454093982720e+17
7.636588116063584000e+17
7.639211851073164800e+17
7.641837180561670400e+17
7.644464496062156800e+17
7.647094299159297280e+17
7.649726037865088000e+17
7.652360063506278400e+17
7.654995863552528640e+17
7.657633278755628800e+17
7.660272549080619520e+17
7.662913524034867200e+17
7.665556863789410560e+17
7.668202263231712000e+17
7.670849955618301440e+17
7.673499810940290560e+17
7.676151033067143680e+17
7.678804351974625280e+17
7.681459257763255040e+17
7.684116030183818240e+17
7.686775426759184640e+17
7.689436685314671360e+17
7.692100300349402880e+17
7.694765891151715840e+17
7.697432919588760320e+17
7.700101979524933120e+17
7.702772700173372160e+17
7.705445586374044160e+17
7.708120836985943040e+17
7.710798182953676800e+17
7.713477798208901120e+17
7.716159039418291200e+17
7.718842153901818880e+17
7.721526978418031360e+17
7.724213604725016320e+17
7.726902831504851200e+17
7.729593949344373760e+17
7.732287473398856960e+17
7.734983131578860800e+17
7.737680142791466240e+17
7.740379293839274240e+17
7.743080081799924480e+17
7.745782879269320960e+17
7.748488254729369600e+17
7.751195595741511680e+17
7.753905292935968000e+17
7.756616855241082880e+17
7.759330036422206720e+17
7.762045161603333120e+17
7.764762028254812160e+17
7.767481272299088640e+17
7.770202694502456320e+17
7.772926419837688320e+17
7.775652383314302720e+17
7.778379794588372480e+17
7.781109342374380800e+17
7.783840523754397440e+17
7.786573602590291200e+17
7.789309380196899840e+17
7.792047062566707200e+17
7.794787168198471680e+17
7.797529335079604480e+17
7.800272959432770560e+17
7.803018693669543680e+17
7.805766129191975680e+17
7.808515748979655680e+17
7.811267838430037760e+17
7.814022044382814720e+17
7.816778592930997760e+17
7.819536864981601280e+17
7.822297001965057280e+17
7.825058948660047360e+17
7.827822732373265920e+17
7.830589138218586880e+17
7.833357519996381440e+17
7.836128365119720960e+17
7.838901423822823680e+17
7.841675873296071680e+17
7.844452529200577280e+17
7.847230866708230400e+17
7.850011239371768320e+17
7.852794280338228480e+17
7.855579320249767680e+17
7.858366787390618880e+17
7.861156212400188160e+17
7.863947263232321280e+17
7.866740347892318720e+17
7.869535212813734400e+17
7.872332469227624960e+17
7.875132023687156480e+17
7.877933893842510080e+17
7.880738079472419840e+17
7.883543815472049920e+17
7.886351691990016000e+17
7.889161269250629120e+17
7.891972777387712000e+17
7.894787057895317760e+17
7.897603290133137920e+17
7.900422014044455680e+17
7.903242886366598400e+17
7.906065240184627200e+17
7.908889782563400960e+17
7.911716068968821760e+17
7.914544560268559360e+17
7.917375627042476800e+17
7.920208834518004480e+17
7.923044459870461440e+17
7.925881908641351680e+17
7.928721216678037760e+17
7.931562435534594560e+17
7.934405528502137600e+17
7.937251253271367680e+17
7.940099067203040000e+17
7.942949390786119680e+17
7.945802008681542400e+17
7.948656060293687040e+17
7.951512384522807040e+17
7.954370437444308480e+17
7.957230553522850560e+17
7.960093427860481280e+17
7.962958338310855680e+17
7.965825748844669440e+17
7.968695212010183680e+17
7.971566311560542720e+17
7.974439535553294080e+17
7.977314580678101760e+17
7.980192033077754880e+17
7.983071904613594880e+17
7.985954107065312000e+17
7.988838704473117440e+17
7.991724959194613760e+17
7.994613357374433280e+17
7.997503526668769280e+17
8.000395663511133440e+17
8.003290644130863360e+17
8.006187628420656640e+17
8.009087174422850560e+17
8.011988957610639360e+17
8.014892250939246080e+17
8.017797811603321600e+17
8.020705161342695680e+17
8.023614738717528320e+17
8.026526997684798720e+17
8.029441424918201600e+17
8.032358347296874240e+17
8.035277195341429760e+17
8.038197900029332480e+17
8.041120617928176640e+17
8.044045249023169280e+17
8.046972523039912960e+17
8.049902001120185600e+17
8.052834037775581440e+17
8.055768438603523840e+17
8.058704345915943680e+17
8.061642579327389440e+17
8.064582591070417920e+17
8.067524696543275520e+17
8.070469649577734400e+17
8.073416680014622720e+17
8.076366285200989440e+17
8.079318039731980800e+17
8.082271445242251520e+17
8.085227066417498880e+17
8.088184551812577280e+17
8.091144462135815680e+17
8.094106913658182400e+17
8.097071714272440320e+17
8.100038991492207360e+17
8.103008035628847360e+17
8.105979223285336320e+17
8.108952264912556800e+17
8.111927327044878080e+17
8.114905265258996480e+17
8.117885282722297600e+17
8.120867933560089600e+17
8.123852911896853760e+17
8.126839434105404160e+17
8.129828302309466880e+17
8.132819007093675520e+17
8.135811964576313600e+17
8.138807709800687360e+17
8.141805654555508480e+17
8.144806173721939200e+17
8.147808723089825280e+17
8.150813129921077760e+17
8.153819653475352320e+17
8.156828131438312960e+17
8.159839265073821440e+17
8.162852734576033280e+17
8.165868783601012480e+17
8.168887276827745280e+17
8.171907368144672000e+17
8.174929831840884480e+17
8.177954126217923840e+17
8.180980547701725440e+17
8.184009905073603840e+17
8.187041385630607360e+17
8.190075517417304320e+17
8.193111897148513280e+17
8.196149946931918080e+17
8.199190304015701760e+17
8.202232570770159360e+17
8.205277282178752000e+17
8.208324657568453120e+17
8.211374403503352320e+17
8.214426709878808320e+17
8.217480895402096640e+17
8.220537211792540160e+17
8.223595497779130880e+17
8.226655843699941120e+17
8.229719098355102720e+17
8.232784511976181760e+17
8.235852632249852160e+17
8.238923171790639360e+17
8.241995294517620480e+17
8.245069841554824960e+17
8.248146275290705920e+17
8.251224989334246400e+17
8.254306597000016640e+17
8.257390439518105600e+17
8.260476937721027840e+17
8.263565572898159360e+17
8.266656070228344320e+17
8.269748788736817920e+17
8.272843505137221120e+17
8.275940891785286400e+17
8.279040753476587520e+17
8.282143206566501120e+17
8.285248192225369600e+17
8.288354873438947840e+17
8.291463970010140160e+17
8.294574954222584320e+17
8.297688101971207680e+17
8.300804272609454080e+17
8.303922617104642560e+17
8.307043691123438080e+17
8.310167113501954560e+17
8.313292229962223360e+17
8.316419745557990400e+17
8.319549218793218560e+17
8.322681158697401600e+17
8.325815885806910720e+17
8.328953008536441600e+17
8.332092777742846720e+17
8.335234540917230080e+17
8.338378425565904640e+17
8.341524396912515840e+17
8.344672469801580800e+17
8.347823472842255360e+17
8.350976742086364160e+17
8.354132781296574720e+17
8.357291332903249920e+17
8.360451513125831680e+17
8.363614195377646080e+17
8.366778817227365120e+17
8.369945749780249600e+17
8.373115681241386240e+17
8.376287887316774400e+17
8.379462832363468800e+17
8.382640023335141120e+17
8.385819085477697280e+17
8.389000474001911040e+17
8.392183906324156160e+17
8.395370025501163520e+17
8.398558760054972160e+17
8.401750101068249600e+17
8.404944065415052800e+17
8.408139848046414080e+17
8.411338047178295040e+17
8.414538214925955840e+17
8.417740585956869120e+17
8.420946065176771840e+17
8.424153774237395200e+17
8.427364292925728000e+17
8.430577262123320320e+17
8.433791954900952320e+17
8.437009138616701440e+17
8.440228330622941440e+17
8.443450013833282560e+17
8.446674607613596160e+17
8.449901626078814720e+17
8.453131379271901440e+17
8.456363243795877120e+17
8.459597224099412480e+17
8.462833409502405120e+17
8.466071740384606720e+17
8.469313012818315520e+17
8.472556684005286400e+17
8.475803179725945600e+17
8.479052282229527040e+17
8.482303065462600960e+17
8.485556427576811520e+17
8.488811785145893120e+17
8.492069486856546560e+17
8.495330291813733120e+17
8.498593415995992320e+17
8.501859364452869120e+17
8.505127669895386880e+17
8.508397860346554880e+17
8.511670482917249280e+17
8.514945197776487680e+17
8.518222618352373760e+17
8.521502795518234880e+17
8.524785597743719680e+17
8.528071116485241600e+17
8.531358579150680320e+17
8.534648462625406720e+17
8.537940397346900480e+17
8.541234586596448000e+17
8.544531951430671360e+17
8.547831615749587200e+17
8.551134171603683840e+17
8.554439281759820800e+17
8.557746151011228160e+17
8.561055602718150400e+17
8.564367116223157760e+17
8.567681148235601920e+17
8.570998213994402560e+17
8.574317737887541760e+17
8.577640086985063680e+17
8.580964667264240640e+17
8.584291361797374720e+17
8.587620380936687360e+17
8.590951591979212800e+17
8.594285757962906880e+17
8.597622459585839360e+17
8.600962037971599360e+17
8.604304300406318080e+17
8.607648345097952000e+17
8.610995023300384000e+17
8.614343755960113920e+17
8.617694869516970240e+17
8.621049189328103680e+17
8.624405878260880640e+17
8.627765478788956160e+17
8.631127549395503360e+17
8.634491524195709440e+17
8.637858037154297600e+17
8.641226693647842560e+17
8.644598077213566720e+17
8.647972359158609920e+17
8.651349288682474240e+17
8.654729030341154560e+17
8.658110844431257600e+17
8.661495071235854080e+17
8.664881465437862400e+17
8.668270167095943680e+17
8.671662081719673600e+17
8.675056385449282560e+17
8.678453664414472960e+17
8.681853603015773440e+17
8.685255342831169280e+17
8.688659756059635200e+17
8.692066287635242240e+17
8.695475368055042560e+17
8.698887604851907840e+17
8.702302338039159040e+17
8.705719989140902400e+17
8.709139993698845440e+17
8.712562115660170240e+17
8.715986682625768960e+17
8.719413490574455040e+17
8.722843269073416960e+17
8.726275743363656960e+17
8.729711106257080320e+17
8.733149253924448000e+17
8.736589292301249280e+17
8.740032017847144960e+17
8.743476860197240320e+17
8.746924123810270720e+17
8.750374694940369920e+17
8.753827690841091840e+17
8.757283687672300800e+17
8.760742269618760960e+17
8.764202780856346880e+17
8.767665936337322240e+17
8.771131289537608960e+17
8.774599393915278080e+17
8.778070538706384640e+17
8.781544357921478400e+17
8.785021087342222080e+17
8.788500020519916800e+17
8.791981353847833600e+17
8.795464989149594880e+17
8.798950978922005760e+17
8.802440218374365440e+17
8.805931943725894400e+17
8.809426728730213120e+17
8.812924280132281600e+17
8.816423682098506240e+17
8.819925847577361920e+17
8.823430191190040320e+17
8.826937117300903680e+17
8.830447321485633280e+17
8.833960065574882560e+17
8.837475822527284480e+17
8.840994057560116480e+17
8.844514418363936000e+17
8.848037345227005440e+17
8.851562564987994880e+17
8.855090773374416640e+17
8.858621838744774400e+17
8.862155808402698240e+17
8.865692666232267520e+17
8.869231544341419520e+17
8.872773130911535360e+17
8.876316916389305600e+17
8.879863167419137280e+17
8.883412825035710720e+17
8.886964969322661120e+17
8.890520205883278080e+17
8.894078144440412160e+17
8.897638043904119040e+17
8.901200693464655360e+17
8.904765598060049920e+17
8.908333280962031360e+17
8.911904146194891520e+17
8.915477717458840320e+17
8.919054299464250880e+17
8.922633219310536960e+17
8.926214531263823360e+17
8.929798281039594240e+17
8.933384435033195520e+17
8.936973850968038400e+17
8.940565904606778880e+17
8.944161079244197120e+17
8.947759128342223360e+17
8.951359085256942080e+17
8.954961894602549760e+17
8.958566945314368000e+17
8.962174615799188480e+17
8.965785684699504640e+17
8.969399342759393280e+17
8.973016110871152640e+17
8.976635483952359680e+17
8.980256996973241600e+17
8.983881197508459520e+17
8.987507745881638400e+17
8.991137303686067200e+17
8.994769880373815040e+17
8.998405381297525760e+17
9.002043876484436480e+17
9.005684535353909760e+17
9.009327906513273600e+17
9.012973571155770880e+17
9.016621750311449600e+17
9.020273431617594880e+17
9.023927668691010560e+17
9.027585091378676480e+17
9.031245334676940800e+17
9.034907577663768320e+17
9.038572676067068160e+17
9.042240090157050880e+17
9.045910313000652800e+17
9.049583859582368000e+17
9.053260149030979840e+17
9.056939552231654400e+17
9.060621430045576960e+17
9.064305697003996160e+17
9.067992538670472960e+17
9.071681837221756160e+17
9.075374412412939520e+17
9.079069778623947520e+17
9.082768330993879040e+17
9.086469851220766720e+17
9.090173376792588800e+17
9.093879826354250240e+17
9.097588584180915200e+17
9.101300003000821760e+17
9.105014938766195200e+17
9.108732519203179520e+17
9.112453309118593280e+17
9.116176833060695040e+17
9.119902517537469440e+17
9.123631011103184640e+17
9.127361910674161920e+17
9.131095843496673280e+17
9.134832957443480320e+17
9.138573020289030400e+17
9.142316186201484800e+17
9.146061662314891520e+17
9.149809848480490240e+17
9.153560445230963200e+17
9.157313624509767680e+17
9.161070348654945280e+17
9.164829729838897920e+17
9.168592391960111360e+17
9.172357994914062080e+17
9.176125644199450880e+17
9.179896253358654720e+17
9.183669242410328320e+17
9.187445074295050240e+17
9.191224370386919680e+17
9.195006451909876480e+17
9.198791752676628480e+17
9.202579667436346880e+17
9.206369974060070400e+17
9.210162993055989760e+17
9.213958524722397440e+17
9.217757350438309120e+17
9.221559145249346560e+17
9.225364148459097600e+17
9.229172229347315200e+17
9.232982438659563520e+17
9.236795633528245760e+17
9.240611207461227520e+17
9.244429487900138240e+17
9.248251401508527360e+17
9.252076022109136640e+17
9.255903953846211840e+17
9.259734750726220800e+17
9.263567735832650240e+17
9.267403651415924480e+17
9.271242034613600000e+17
9.275083478201904640e+17
9.278928265098350080e+17
9.282776030753514240e+17
9.286627011006562560e+17
9.290480451029079040e+17
9.294336586288131840e+17
9.298195285700697600e+17
9.302056621155632640e+17
9.305921544653059840e+17
9.309789232305451520e+17
9.313660298180702720e+17
9.317534426579939840e+17
9.321410656557556480e+17
9.325289949647381760e+17
9.329171690620449280e+17
9.333056312475127040e+17
9.336944537602892800e+17
9.340835596989035520e+17
9.344729983594332160e+17
9.348627126086416640e+17
9.352526669489893120e+17
9.356429063424928000e+17
9.360334029146245120e+17
9.364242309331456000e+17
9.368153742259677440e+17
9.372068401007646720e+17
9.375986254973063680e+17
9.379906379529940480e+17
9.383829524255452160e+17
9.387755136455567360e+17
9.391683505337626880e+17
9.395615620772524800e+17
9.399550512918151680e+17
9.403488820078878720e+17
9.407430125434938880e+17
9.411373654524485120e+17
9.415320234958407680e+17
9.419269348285598720e+17
9.423221552787520000e+17
9.427177262289532160e+17
9.431135986124889600e+17
9.435098038827956480e+17
9.439062703842234880e+17
9.443030054831950080e+17
9.447000124727205120e+17
9.450972887397735680e+17
9.454949255945255680e+17
9.458928553525671680e+17
9.462911302769754880e+17
9.466897237543979520e+17
9.470885338542764800e+17
9.474876604286385920e+17
9.478870389934209280e+17
9.482867098841699840e+17
9.486867548180670720e+17
9.490870887440441600e+17
9.494877664376628480e+17
9.498887341501143040e+17
9.502899435605649920e+17
9.506914518586261760e+17
9.510932236023710720e+17
9.514953291659605760e+17
9.518977684114031360e+17
9.523005324972554240e+17
9.527036281584687360e+17
9.531069671834819840e+17
9.535106086714933760e+17
9.539145076885064960e+17
9.543186878972782080e+17
9.547232537578128640e+17
9.551281050640122880e+17
9.555333084800608000e+17
9.559388252007384320e+17
9.563445687039971840e+17
9.567506293400997120e+17
9.571569501845863680e+17
9.575635836244056320e+17
9.579705836369091840e+17
9.583778892670992640e+17
9.587855394856983040e+17
9.591934664779729920e+17
9.596016617638768640e+17
9.600101445052929280e+17
9.604189025415496960e+17
9.608280228570807040e+17
9.612374534882730240e+17
9.616472366868069120e+17
9.620573492402438400e+17
9.624676891320480000e+17
9.628783538459585280e+17
9.632892781814216960e+17
9.637004995521505280e+17
9.641121084364375040e+17
9.645240126237416960e+17
9.649362718719677440e+17
9.653488357978963200e+17
9.657616438052111360e+17
9.661747645192263680e+17
9.665881553253304320e+17
9.670018826905925120e+17
9.674159621438803200e+17
9.678303692659464960e+17
9.682451203184454400e+17
9.686601313758307840e+17
9.690754447607171840e+17
9.694910288646295040e+17
9.699069018440060160e+17
9.703231656248517120e+17
9.707397262171756800e+17
9.711566497460373760e+17
9.715739002291285760e+17
9.719913828450315520e+17
9.724091944643672320e+17
9.728272736280119040e+17
9.732456693017381120e+17
9.736644474728280320e+17
9.740835361322026240e+17
9.745029813566183680e+17
9.749227191753382400e+17
9.753427256777044480e+17
9.757630352589184000e+17
9.761836265198414080e+17
9.766045820837992960e+17
9.770258680757989120e+17
9.774475093380881920e+17
9.778694923595635200e+17
9.782917167153390080e+17
9.787142729109570560e+17
9.791370968159097600e+17
9.795602229781487360e+17
9.799837498197223680e+17
9.804075790853530880e+17
9.808317749515975680e+17
9.812562903695434240e+17
9.816810531085911040e+17
9.821061423211064320e+17
9.825315086768266240e+17
9.829572147331776000e+17
9.833832912341598720e+17
9.838096988597146880e+17
9.842364630735623680e+17
9.846635042612931840e+17
9.850908462087164160e+17
9.855184762842448640e+17
9.859464013704480000e+17
9.863747221832885760e+17
9.868033519916286720e+17
9.872323557788331520e+17
9.876617003173118720e+17
9.880912833681299200e+17
9.885212071223014400e+17
9.889514062008595200e+17
9.893819261812271360e+17
9.898128443797300480e+17
9.902440786869118720e+17
9.906756818106202880e+17
9.911075936155425280e+17
9.915397752651454720e+17
9.919722756409169920e+17
9.924050644738480640e+17
9.928382200008970240e+17
9.932717267194081280e+17
9.937055907770106880e+17
9.941398099302236160e+17
9.945742868166581760e+17
9.950090990331139840e+17
9.954441892898003200e+17
9.958795875825959680e+17
9.963153993518124800e+17
9.967515215461538560e+17
9.971880221255086080e+17
9.976248573304386560e+17
9.980619440380992000e+17
9.984993708933985280e+17
9.989370823746810880e+17
9.993751371391477760e+17
9.998135806027631360e+17
1.000252359335794304e+18
1.000691507618667520e+18
1.001130950162400640e+18
1.001570692583066752e+18
1.002010740642033792e+18
1.002451090227366656e+18
1.002891837393304960e+18
1.003332912703602048e+18
1.003774370125373056e+18
1.004216182223994752e+18
1.004658240338307456e+18
1.005100650638751104e+18
1.005543344516781824e+18
1.005986364208240640e+18
1.006429797574041088e+18
1.006873553486715904e+18
1.007317690741599488e+18
1.007762153017511296e+18
1.008206887152916352e+18
1.008651955648183808e+18
1.009097319797245440e+18
1.009543053436551424e+18
1.009989159031545600e+18
1.010435624662328320e+18
1.010882459058052352e+18
1.011329569659774208e+18
1.011777016256849280e+18
1.012224753139796096e+18
1.012672804813372672e+18
1.013121281578972928e+18
1.013570078097290112e+18
1.014019265027420800e+18
1.014468801839843456e+18
1.014918595370259328e+18
1.015368742586073984e+18
1.015819182370942464e+18
1.016269969504346240e+18
1.016721163432151424e+18
1.017172697529310336e+18
1.017624614441957632e+18
1.018076843208950016e+18
1.018529371735057280e+18
1.018982223475886848e+18
1.019435383665503104e+18
1.019888943469857920e+18
1.020342851089687296e+18
1.020797149251134464e+18
1.021251813837576448e+18
1.021706737780744960e+18
1.022162022818966784e+18
1.022617600191859200e+18
1.023073508855619328e+18
1.023529846319604096e+18
1.023986513659228160e+18
1.024443575139705600e+18
1.024900978218810240e+18
1.025358656114857088e+18
1.025816683949746688e+18
1.026275015082532096e+18
1.026733718947225984e+18
1.027192815479046528e+18
1.027652275435271680e+18
1.028112118160184704e+18
1.028572255924561792e+18
1.029032729072926336e+18
1.029493508803976576e+18
1.029954611588296576e+18
1.030416145011410816e+18
1.030878011327473920e+18
1.031340280321574144e+18
1.031802914618553344e+18
1.032265811980714240e+18
1.032729076381997056e+18
1.033192641786117120e+18
1.033656559131627392e+18
1.034120901145358848e+18
1.034585589054232064e+18
1.035050673348208896e+18
1.035516087383381248e+18
1.035981801910690304e+18
1.036447857257089280e+18
1.036914228409352832e+18
1.037381001618609536e+18
1.037848145945215744e+18
1.038315682720068224e+18
1.038783600659336960e+18
1.039251793905743488e+18
1.039720356196017024e+18
1.040189220114587008e+18
1.040658421416425472e+18
1.041128066242844416e+18
1.041598049242071424e+18
1.042068439451895296e+18
1.042539188058747520e+18
1.043010215477967744e+18
1.043481608315488512e+18
1.043953312572539776e+18
1.044425393292144384e+18
1.044897887279051008e+18
1.045370748839578624e+18
1.045844007507968256e+18
1.046317580398870912e+18
1.046791487218962560e+18
1.047265720233515392e+18
1.047740283384147200e+18
1.048215281955070976e+18
1.048690629003795328e+18
1.049166390406609664e+18
1.049642532675712640e+18
1.050118945594395264e+18
1.050595738670187648e+18
1.051072841705624704e+18
1.051550301850695296e+18
1.052028204248862208e+18
1.052506459169579520e+18
1.052985124348269056e+18
1.053464137433430016e+18
1.053943452686894848e+18
1.054423126349849728e+18
1.054903123640105344e+18
1.055383525879884288e+18
1.055864322539059072e+18
1.056345514247954048e+18
1.056827102228020224e+18
1.057308985160272256e+18
1.057791239154740992e+18
1.058273807593434624e+18
1.058756720175319168e+18
1.059240090527574528e+18
1.059723808401442432e+18
1.060207946824202112e+18
1.060692460644192128e+18
1.061177258412219776e+18
1.061662436929674496e+18
1.062147935497787904e+18
1.062633814794681856e+18
1.063120127784069120e+18
1.063606813330550400e+18
1.064093910659951872e+18
1.064581341731642496e+18
1.065069106125184640e+18
1.065557216397587584e+18
1.066045664340078976e+18
1.066534549783151232e+18
1.067023805648929024e+18
1.067513485016906240e+18
1.068003560702904832e+18
1.068493916435251456e+18
1.068984664919678208e+18
1.069475732877908864e+18
1.069967163740685696e+18
1.070459054079242752e+18
1.070951304550509824e+18
1.071443979454502912e+18
1.071937020691763200e+18
1.072430366815807744e+18
1.072924088879943040e+18
1.073418142888772096e+18
1.073912605235211392e+18
1.074407485243440512e+18
1.074902763669193088e+18
1.075398453841867136e+18
1.075894459827153280e+18
1.076390837972363392e+18
1.076887544422147200e+18
1.077384604156945536e+18
1.077882132029712000e+18
1.078380019571691136e+18
1.078878341266108032e+18
1.079377055538574976e+18
1.079876060144652160e+18
1.080375460629855616e+18
1.080875190340311808e+18
1.081375305631321088e+18
1.081875874795686784e+18
1.082376822413838464e+18
1.082878196825701760e+18
1.083379924821620480e+18
1.083881986475478144e+18
1.084384413722456576e+18
1.084887186655951872e+18
1.085390399625640320e+18
1.085894006569274368e+18
1.086398043762503552e+18
1.086902491065881856e+18
1.087407235816786560e+18
1.087912382295299584e+18
1.088417858355594240e+18
1.088923703796916864e+18
1.089430025495123200e+18
1.089936716005784448e+18
1.090443845423735168e+18
1.090951359844262144e+18
1.091459183018838528e+18
1.091967399554280704e+18
1.092475956881367296e+18
1.092984926478312320e+18
1.093494336854472320e+18
1.094004149859008768e+18
1.094514390456317440e+18
1.095024968109861376e+18
1.095535916223458944e+18
1.096047213905000704e+18
1.096558872908901632e+18
1.097071006354237696e+18
1.097583514558279552e+18
1.098096470779437056e+18
1.098609836916548736e+18
1.099123501140286464e+18
1.099637576113732480e+18
1.100151990066595456e+18
1.100666795090882304e+18
1.101182073849689216e+18
1.101697737956810752e+18
1.102213844203348352e+18
1.102730324180915712e+18
1.103247139199140736e+18
1.103764339507729664e+18
1.104281894034909312e+18
1.104799891636437248e+18
1.105318309241252352e+18
1.105837159650855808e+18
1.106356436849957760e+18
1.106876030702412160e+18
1.107396033258816256e+18
1.107916377123159680e+18
1.108437097585342976e+18
1.108958310557969536e+18
1.109479902185301376e+18
1.110001947491437568e+18
1.110524396690672896e+18
1.111047159774302720e+18
1.111570333475203200e+18
1.112093857379995776e+18
1.112617798083229440e+18
1.113142202486884096e+18
1.113667014655163008e+18
1.114192270632633984e+18
1.114717885278670848e+18
1.115243869320094720e+18
1.115770224886327808e+18
1.116296950005754624e+18
1.116824153224419072e+18
1.117351752648575488e+18
1.117879811496280576e+18
1.118408297728860160e+18
1.118937091294482048e+18
1.119466310158648704e+18
1.119995878374343680e+18
1.120525843848816896e+18
1.121056302517432320e+18
1.121587154517383808e+18
1.122118464335813504e+18
1.122650168318460288e+18
1.123182209882051584e+18
1.123714656364935680e+18
1.124247466149489536e+18
1.124780722599837696e+18
1.125314425011680384e+18
1.125848563635773056e+18
1.126383146135496320e+18
1.126918068352404736e+18
1.127453400200887936e+18
1.127989088756669440e+18
1.128525161930309376e+18
1.129061743247399424e+18
1.129598714323352448e+18
1.130136154142871296e+18
1.130674016943466496e+18
1.131212200144505216e+18
1.131750810995464960e+18
1.132289782065870208e+18
1.132829175115604352e+18
1.133369054513153664e+18
1.133909347825290624e+18
1.134450101533388800e+18
1.134991235874458112e+18
1.135532739597188480e+18
1.136074636830639488e+18
1.136616912384823040e+18
1.137159668719600128e+18
1.137702845777033344e+18
1.138246492872568192e+18
1.138790582668936192e+18
1.139334995183445120e+18
1.139879844900497920e+18
1.140425054999926528e+18
1.140970669303447936e+18
1.141516795770416512e+18
1.142063324737328256e+18
1.142610327532773248e+18
1.143157745190443008e+18
1.143705504246117120e+18
1.144253687725649920e+18
1.144802244178565248e+18
1.145351251496528896e+18
1.145900730589836672e+18
1.146450650241048960e+18
1.147001031261960576e+18
1.147551775482692608e+18
1.148102929202204288e+18
1.148654459163336960e+18
1.149206384435090816e+18
1.149758825258902144e+18
1.150311672065606656e+18
1.150865002969247360e+18
1.151418776112967168e+18
1.151972877690422144e+18
1.152527423662107776e+18
1.153082340512517376e+18
1.153637685235479040e+18
1.154193538595426048e+18
1.154749813128352256e+18
1.155306565013378816e+18
1.155863719828907776e+18
1.156421245178979328e+18
1.156979186002117888e+18
1.157537514487467776e+18
1.158096326997778688e+18
1.158655588782110464e+18
1.159215323986268416e+18
1.159775519887144192e+18
1.160336058422022400e+18
1.160897044221238528e+18
1.161458402135759616e+18
1.162020172023480832e+18
1.162582472457433856e+18
1.163145185849487104e+18
1.163708389407872512e+18
1.164272028767333888e+18
1.164836014746660352e+18
1.165400444468896768e+18
1.165965257464897792e+18
1.166530526191554304e+18
1.167096292283129344e+18
1.167662504308710400e+18
1.168229195606438656e+18
1.168796273988985344e+18
1.169363760397406464e+18
1.169931647451107072e+18
1.170499938841205760e+18
1.171068751802957568e+18
1.171637990430167040e+18
1.172207727659322368e+18
1.172777926529293056e+18
1.173348463524563968e+18
1.173919461299877632e+18
1.174490841299896064e+18
1.175062655842388224e+18
1.175635000861088000e+18
1.176207775521120512e+18
1.176781044856939264e+18
1.177354739732452864e+18
1.177928807586420224e+18
1.178503312794616576e+18
1.179078215620087552e+18
1.179653606334915072e+18
1.180229475191133440e+18
1.180805820991610880e+18
1.181382646337195264e+18
1.181959838903500032e+18
1.182537481296573440e+18
1.183115512009238528e+18
1.183693963358494976e+18
1.184272962946083584e+18
1.184852387350759936e+18
1.185432318583097856e+18
1.186012706769427456e+18
1.186593448339743488e+18
1.187174652719870208e+18
1.187756251345416448e+18
1.188338311296423424e+18
1.188920893890540544e+18
1.189503928924245504e+18
1.190087461540570112e+18
1.190671405510195456e+18
1.191255757208728064e+18
1.191840533980856576e+18
1.192425724713637376e+18
1.193011439909658624e+18
1.193597607955529216e+18
1.194184286179316480e+18
1.194771444625233408e+18
1.195358954554989056e+18
1.195946940287198464e+18
1.196535320322500352e+18
1.197124142415883008e+18
1.197713516275182080e+18
1.198303329562937088e+18
1.198893655214973696e+18
1.199484429303373824e+18
1.200075580238935296e+18
1.200667190265705472e+18
1.201259208520606208e+18
1.201851719210568704e+18
1.202444736738472448e+18
1.203038235783178496e+18
1.203632233670568448e+18
1.204226624693792000e+18
1.204821466814987776e+18
1.205416715677381120e+18
1.206012396896749568e+18
1.206608637982884096e+18
1.207205319895166720e+18
1.207802525614698240e+18
1.208400209625405952e+18
1.208998255474007808e+18
1.209596782874653440e+18
1.210195716208967936e+18
1.210795117260189184e+18
1.211395065826505216e+18
1.211995474573720576e+18
1.212596399620835840e+18
1.213197760651702528e+18
1.213799530420412160e+18
1.214401749656433408e+18
1.215004393117644544e+18
1.215607564566740736e+18
1.216211218860504832e+18
1.216815390196638208e+18
1.217420059943090944e+18
1.218025102976151552e+18
1.218630633080495360e+18
1.219236570347318784e+18
1.219842958107439104e+18
1.220449918265698816e+18
1.221057329074878976e+18
1.221665270297897984e+18
1.222273683114300928e+18
1.222882478215130368e+18
1.223491753931176192e+18
1.224101449186938624e+18
1.224711642170631680e+18
1.225322370428048896e+18
1.225933585926546176e+18
1.226545320014833408e+18
1.227157473591609856e+18
1.227770076454913792e+18
1.228383113094110720e+18
1.228996592023956736e+18
1.229610638829122560e+18
1.230225145464182528e+18
1.230840193197916416e+18
1.231455740711222272e+18
1.232071660364400640e+18
1.232688079908346880e+18
1.233304917839028736e+18
1.233922230747052800e+18
1.234540115532839424e+18
1.235158469590540288e+18
1.235777359070048768e+18
1.236396709501351680e+18
1.237016471125210880e+18
1.237636706510560768e+18
1.238257377070450944e+18
1.238878579840136192e+18
1.239500297432332800e+18
1.240122535805740544e+18
1.240745293366841600e+18
1.241368449767266048e+18
1.241992099045329408e+18
1.242616171880180992e+18
1.243240704642348032e+18
1.243865829660403200e+18
1.244491418112042752e+18
1.245117555383290880e+18
1.245744187634987264e+18
1.246371209331375872e+18
1.246998732879013376e+18
1.247626688026515712e+18
1.248255147012704000e+18
1.248884169349548800e+18
1.249513685914765056e+18
1.250143741265846528e+18
1.250774242874070784e+18
1.251405193278835456e+18
1.252036604509824256e+18
1.252668468634000128e+18
1.253300904043219712e+18
1.253933828874199040e+18
1.254567307710462976e+18
1.255201307929329920e+18
1.255835692607881984e+18
1.256470595026803456e+18
1.257105929101644032e+18
1.257741746360840192e+18
1.258378159239159296e+18
1.259015051952312064e+18
1.259652499610584320e+18
1.260290433498819072e+18
1.260928782630569216e+18
1.261567629647401216e+18
1.262206923520372224e+18
1.262846754591368960e+18
1.263487132256621824e+18
1.264128035617228544e+18
1.264769479436990208e+18
1.265411350653256960e+18
1.266053716655747584e+18
1.266696525401978624e+18
1.267339806348441344e+18
1.267983694996856576e+18
1.268628063310694656e+18
1.269272999200072960e+18
1.269918453653273344e+18
1.270564306600276736e+18
1.271210682264904704e+18
1.271857502389025536e+18
1.272504833356409344e+18
1.273152755285684736e+18
1.273801179813105408e+18
1.274450163769881088e+18
1.275099621143902464e+18
1.275749528292308992e+18
1.276399923265936640e+18
1.277050782451171072e+18
1.277702216816437248e+18
1.278354172560209152e+18
1.279006692157723392e+18
1.279659752148452864e+18
1.280313220204289536e+18
1.280967218725209600e+18
1.281621663041922048e+18
1.282276599779765504e+18
1.282932155135253760e+18
1.283588202491402752e+18
1.284244824713007360e+18
1.284901958722045696e+18
1.285559513783610880e+18
1.286217590605643776e+18
1.286876126748182016e+18
1.287535205917523968e+18
1.288194863145244416e+18
1.288855052274396672e+18
1.289515803628423680e+18
1.290177011410162944e+18
1.290838712475244032e+18
1.291500885039272960e+18
1.292163541327451904e+18
1.292826814270307840e+18
1.293490587675051008e+18
1.294154947754063616e+18
1.294819850139127552e+18
1.295485162133995264e+18
1.296151017254352896e+18
1.296817330547508992e+18
1.297484162663830528e+18
1.298151612771334912e+18
1.298819575357457664e+18
1.299488118461187584e+18
1.300157162505901056e+18
1.300826658928302336e+18
1.301496670050155776e+18
1.302167157468028160e+18
1.302838224747699200e+18
1.303509848702499840e+18
1.304182040585850368e+18
1.304854795751804672e+18
1.305527986060700928e+18
1.306201715319886592e+18
1.306875907455537152e+18
1.307550602368016384e+18
1.308225938022073600e+18
1.308901779585910528e+18
1.309578216326929920e+18
1.310255190657714432e+18
1.310932593782008320e+18
1.311610542209260032e+18
1.312288963257959168e+18
1.312967934082562304e+18
1.313647514011237888e+18
1.314327633464706304e+18
1.315008337402149632e+18
1.315689527247815424e+18
1.316371209812764416e+18
1.317053393737068800e+18
1.317736073106343936e+18
1.318419373954861568e+18
1.319103205871722752e+18
1.319787639663038464e+18
1.320472639620041216e+18
1.321158062560796416e+18
1.321844048479844096e+18
1.322530507196359936e+18
1.323217493778728192e+18
1.323905124673283584e+18
1.324593279575186432e+18
1.325282036523854592e+18
1.325971322269531392e+18
1.326661064791323136e+18
1.327351348681643008e+18
1.328042121771789568e+18
1.328733480270262784e+18
1.329425430488223744e+18
1.330117954032200448e+18
1.330811064291065088e+18
1.331504641118936832e+18
1.332198759023063296e+18
1.332893361005088512e+18
1.333588478555896320e+18
1.334284255511327744e+18
1.334980555401144576e+18
1.335677471164247040e+18
1.336374950525945856e+18
1.337072868540983040e+18
1.337771354976296448e+18
1.338470328227875072e+18
1.339169859010468096e+18
1.339870029403657728e+18
1.340570748496907520e+18
1.341272074824598528e+18
1.341973916962178560e+18
1.342676252911324160e+18
1.343379120004959232e+18
1.344082495066533888e+18
1.344786495981793792e+18
1.345491062489632768e+18
1.346196243072845056e+18
1.346902010815005440e+18
1.347608226026483456e+18
1.348315019084836864e+18
1.349022300538082048e+18
1.349730120056450816e+18
1.350438609362561536e+18
1.351147636000536576e+18
1.351857286650174208e+18
1.352567494249967360e+18
1.353278165001956352e+18
1.353989403498532864e+18
1.354701144975042048e+18
1.355413478355038976e+18
1.356126438131631360e+18
1.356839978085975040e+18
1.357554128730259712e+18
1.358268777881078016e+18
1.358983967194270720e+18
1.359699670954548992e+18
1.360415903702579712e+18
1.361132805847111168e+18
1.361850253755127552e+18
1.362568338608398848e+18
1.363287013233014784e+18
1.364006138690355200e+18
1.364725855159679232e+18
1.365446073594986752e+18
1.366166858414451712e+18
1.366888312680417024e+18
1.367610326518182656e+18
1.368332970828946176e+18
1.369056161240537600e+18
1.369779848390369792e+18
1.370504096311249152e+18
1.371228865581671424e+18
1.371954265970875392e+18
1.372680270781919232e+18
1.373406894229576704e+18
1.374134130038488576e+18
1.374861842608382464e+18
1.375590143429906432e+18
1.376318951034240256e+18
1.377048308160157440e+18
1.377778359555127552e+18
1.378508963560450816e+18
1.379240213971456000e+18
1.379972049743581184e+18
1.380704357217939968e+18
1.381437258424023040e+18
1.382170677327072512e+18
1.382904695667568384e+18
1.383639374589001984e+18
1.384374642135671808e+18
1.385110544888792064e+18
1.385846978568941056e+18
1.386583951927214080e+18
1.387321472598792704e+18
1.388059535258560768e+18
1.388798273235218688e+18
1.389537589685472512e+18
1.390277560327076608e+18
1.391018147029538816e+18
1.391759199279174912e+18
1.392500864497705472e+18
1.393243047851809280e+18
1.393985807640021760e+18
1.394729265897105920e+18
1.395473296449370624e+18
1.396217981196628992e+18
1.396963242689008640e+18
1.397709005872438272e+18
1.398455359203659264e+18
1.399202248184892160e+18
1.399949774528923136e+18
1.400697943812147712e+18
1.401446737786873600e+18
1.402196169920997632e+18
1.402946113356130816e+18
1.403696647540384256e+18
1.404447711900035840e+18
1.405199339722349056e+18
1.405951682900351232e+18
1.406704597210321152e+18
1.407458180740928512e+18
1.408212378257664000e+18
1.408967058411660032e+18
1.409722357791034368e+18
1.410478190585937408e+18
1.411234631487956224e+18
1.411991766525621760e+18
1.412749500383812608e+18
1.413507894503783936e+18
1.414266852421820416e+18
1.415026351409814528e+18
1.415786430469087744e+18
1.416547065417697024e+18
1.417308380668878336e+18
1.418070312180935936e+18
1.418832911669588992e+18
1.419596150435644160e+18
1.420359881269457408e+18
1.421124241755794432e+18
1.421889137636359680e+18
1.422654621303807744e+18
1.423420831493715456e+18
1.424187628720329472e+18
1.424955104341203200e+18
1.425723187664559872e+18
1.426491779864291840e+18
1.427260991238993664e+18
1.428030753547240448e+18
1.428801160536180992e+18
1.429572248539178240e+18
1.430343968931026432e+18
1.431116353875707904e+18
1.431889285210816256e+18
1.432662806664836864e+18
1.433436891425672192e+18
1.434211554667777024e+18
1.434986944400891904e+18
1.435762930403428608e+18
1.436539608852581120e+18
1.437316930078310400e+18
1.438094747488087296e+18
1.438873209009567744e+18
1.439652220735490304e+18
1.440431850478009344e+18
1.441212207132223744e+18
1.441993174713392640e+18
1.442774828146415360e+18
1.443557078662388224e+18
1.444339873717819648e+18
1.445123281399454976e+18
1.445907259836075264e+18
1.446691924572308736e+18
1.447477248148602368e+18
1.448263244934330624e+18
1.449049908733144064e+18
1.449837096920263168e+18
1.450624926145243648e+18
1.451413311201508352e+18
1.452202296813984256e+18
1.452992035865250304e+18
1.453782378891511296e+18
1.454573424980747776e+18
1.455365109997871360e+18
1.456157313531283200e+18
1.456950164808332800e+18
1.457743583353970432e+18
1.458537655074232064e+18
1.459332445298290688e+18
1.460127877411081216e+18
1.460924001063501312e+18
1.461720706712161792e+18
1.462518002271611648e+18
1.463315897212107520e+18
1.464114385099970816e+18
1.464913606101259008e+18
1.465713459481748736e+18
1.466514024283747328e+18
1.467315260764389120e+18
1.468117009831238400e+18
1.468919427164949504e+18
1.469722412635685888e+18
1.470526027384132864e+18
1.471330400879526400e+18
1.472135399494864640e+18
1.472941110081201920e+18
1.473747451407896320e+18
1.474554343038402816e+18
1.475361879543129344e+18
1.476170002701036800e+18
1.476978819267070720e+18
1.477788336864243968e+18
1.478598534596003328e+18
1.479409427729680384e+18
1.480220883169970176e+18
1.481032982709010432e+18
1.481845663853796608e+18
1.482658961393482752e+18
1.483473034906721792e+18
1.484287733252383488e+18
1.485103159789548544e+18
1.485919256697911808e+18
1.486735884455895040e+18
1.487553187948873472e+18
1.488371076169941760e+18
1.489189627345413632e+18
1.490008933773758208e+18
1.490828893565336064e+18
1.491649572473257984e+18
1.492470869462125312e+18
1.493292758286229248e+18
1.494115282413099520e+18
1.494938414966914816e+18
1.495762286389911808e+18
1.496586832029843200e+18
1.497412103554018816e+18
1.498238072459289088e+18
1.499064583871941120e+18
1.499891781639868672e+18
1.500719566699176192e+18
1.501547993768986624e+18
1.502377210304029440e+18
1.503207068426881280e+18
1.504037665161539328e+18
1.504868926620149760e+18
1.505700746675663872e+18
1.506533243432904960e+18
1.507366343846637056e+18
1.508200145996252672e+18
1.509034690831213056e+18
1.509869924586878720e+18
1.510705882785289728e+18
1.511542441795783168e+18
1.512379644215268608e+18
1.513217465456451072e+18
1.514055919358504704e+18
1.514895161627421952e+18
1.515735056491688704e+18
1.516575705124192768e+18
1.517417055733446912e+18
1.518258952475850496e+18
1.519101552237876736e+18
1.519944755389711104e+18
1.520788632679621120e+18
1.521633301061350656e+18
1.522478636440397824e+18
1.523324719097303040e+18
1.524171456356343808e+18
1.525018789736382464e+18
1.525866794080185856e+18
1.526715423416155392e+18
1.527564798528864000e+18
1.528414894405422080e+18
1.529265722297486336e+18
1.530117278081514240e+18
1.530969412657071616e+18
1.531822244857637120e+18
1.532675687691771904e+18
1.533529786869728000e+18
1.534384704922967552e+18
1.535240283508862976e+18
1.536096627859719680e+18
1.536953671192558592e+18
1.537811284195881728e+18
1.538669605183844864e+18
1.539528548014114560e+18
1.540388202243213824e+18
1.541248640112500224e+18
1.542109777731048192e+18
1.542971669482419968e+18
1.543834201100161024e+18
1.544697376442762496e+18
1.545561210096150016e+18
1.546425692556905472e+18
1.547290970254381056e+18
1.548156941539563520e+18
1.549023686924214528e+18
1.549891165991770880e+18
1.550759209702164992e+18
1.551627982869260544e+18
1.552497379372971264e+18
1.553367462729143808e+18
1.554238371921562112e+18
1.555109964103673088e+18
1.555982332303011584e+18
1.556855392014447872e+18
1.557729054740505344e+18
1.558603423712034048e+18
1.559478435403597056e+18
1.560354201045052160e+18
1.561230733512620544e+18
1.562108006050405376e+18
1.562986037706054144e+18
1.563864689734219008e+18
1.564744043249101056e+18
1.565624035759307264e+18
1.566504703211209728e+18
1.567386212381216512e+18
1.568268406248315648e+18
1.569151393534474496e+18
1.570035114277459200e+18
1.570919418815888384e+18
1.571804461941909760e+18
1.572690146361081088e+18
1.573576553301938688e+18
1.574463783961184000e+18
1.575351727435870208e+18
1.576240455378209280e+18
1.577129862746474496e+18
1.578019916587779072e+18
1.578910668018160640e+18
1.579802085545073664e+18
1.580694305025643008e+18
1.581587264861827072e+18
1.582481012892443648e+18
1.583375523095127296e+18
1.584270632822619904e+18
1.585166491018454016e+18
1.586062993871111168e+18
1.586960197957543680e+18
1.587858261329683200e+18
1.588757026255613440e+18
1.589656596507033856e+18
1.590556895515812608e+18
1.591457807306318592e+18
1.592359460114981376e+18
1.593261774616360704e+18
1.594164852628921856e+18
1.595068742875290112e+18
1.595973383361569792e+18
1.596878814904667904e+18
1.597784909025224448e+18
1.598691703509508864e+18
1.599599179788855296e+18
1.600507348115969024e+18
1.601416371938327296e+18
1.602326111211202816e+18
1.603236672044502272e+18
1.604148000962317568e+18
1.605059931143287296e+18
1.605972629687330048e+18
1.606885990328393984e+18
1.607800086208012544e+18
1.608715044814395648e+18
1.609630731749898240e+18
1.610547234126198528e+18
1.611464455944069632e+18
1.612382329675610368e+18
1.613300939939843840e+18
1.614220234814215936e+18
1.615140339674588672e+18
1.616061235619633920e+18
1.616982927065625344e+18
1.617905414234811904e+18
1.618828542219687936e+18
1.619752428606417408e+18
1.620676986855934720e+18
1.621602262533745408e+18
1.622528429434067456e+18
1.623455319253147904e+18
1.624383044263718656e+18
1.625311535552508928e+18
1.626240652549647104e+18
1.627170544686876928e+18
1.628101118821974272e+18
1.629032467549580800e+18
1.629964673078470400e+18
1.630897641338127360e+18
1.631831433302785536e+18
1.632765930629046528e+18
1.633701129469291520e+18
1.634637053217532928e+18
1.635573687088506368e+18
1.636511183076204288e+18
1.637449442029158656e+18
1.638388543821894656e+18
1.639328447020050432e+18
1.640268975382732544e+18
1.641210299507122688e+18
1.642152307979259648e+18
1.643095066144968448e+18
1.644038724765729536e+18
1.644983129902359296e+18
1.645928382082691584e+18
1.646874394121039616e+18
1.647821066486633472e+18
1.648768513858109440e+18
1.649716665665073408e+18
1.650665636935401216e+18
1.651615449413361408e+18
1.652566066891487744e+18
1.653517514425595136e+18
1.654469648324212992e+18
1.655422544139279360e+18
1.656376145867465216e+18
1.657330485906036992e+18
1.658285739039712000e+18
1.659241743661627904e+18
1.660198613885208064e+18
1.661156288117032960e+18
1.662114604451235072e+18
1.663073729242059008e+18
1.664033557761884672e+18
1.664994173617506560e+18
1.665955689799101440e+18
1.666917983745328896e+18
1.667881134748103424e+18
1.668845034425096448e+18
1.669809639549362944e+18
1.670775012408099072e+18
1.671741114755397120e+18
1.672708087127186688e+18
1.673675875132732160e+18
1.674644518525246208e+18
1.675613996347180800e+18
1.676584138128367872e+18
1.677555096456984576e+18
1.678526762930958336e+18
1.679499195446549504e+18
1.680472564636758528e+18
1.681446701445026304e+18
1.682421717518782208e+18
1.683397534205886720e+18
1.684374022909061120e+18
1.685351324472339456e+18
1.686329351701381888e+18
1.687308209455798528e+18
1.688287957740101120e+18
1.689268522934480384e+18
1.690249953296200448e+18
1.691232116229896704e+18
1.692215040570720000e+18
1.693198718003551744e+18
1.694183152674768384e+18
1.695168513801081856e+18
1.696154664458616832e+18
1.697141709716712192e+18
1.698129596848513280e+18
1.699118146275436288e+18
1.700107536501545728e+18
1.701097653713528064e+18
1.702088572819209984e+18
1.703080434511985152e+18
1.704073091784891136e+18
1.705066640161152768e+18
1.706060980995498496e+18
1.707056034289915904e+18
1.708051897716618240e+18
1.709048511381401088e+18
1.710046004484662016e+18
1.711044368338721792e+18
1.712043596398385152e+18
1.713043695769213696e+18
1.714044506531139584e+18
1.715046141139001088e+18
1.716048516005805056e+18
1.717051675321666560e+18
1.718055805774622464e+18
1.719060728123602432e+18
1.720066562565315840e+18
1.721073238645526784e+18
1.722080602031536384e+18
1.723088815350592512e+18
1.724097777070066688e+18
1.725107582111911936e+18
1.726118325992556544e+18
1.727129901338598656e+18
1.728142377736682240e+18
1.729155633520471808e+18
1.730169653082262528e+18
1.731184472680516608e+18
1.732200069807449600e+18
1.733216601191610368e+18
1.734233974019160576e+18
1.735252265196760576e+18
1.736271432576759040e+18
1.737291293780912640e+18
1.738312023378725376e+18
1.739333504851422464e+18
1.740355804754474752e+18
1.741379088001809408e+18
1.742403187682984704e+18
1.743428213199023104e+18
1.744454075363987712e+18
1.745480660401121536e+18
1.746508097383867392e+18
1.747536306837035776e+18
1.748565406796822016e+18
1.749595431866473728e+18
1.750626332467136512e+18
1.751658142113856512e+18
1.752690712994628352e+18
1.753724110200733440e+18
1.754758289734490880e+18
1.755793276891308032e+18
1.756829254709186560e+18
1.757866058612308992e+18
1.758903808024661760e+18
1.759942440293639680e+18
1.760981779109733632e+18
1.762022003973400576e+18
1.763063001582655744e+18
1.764104857208083968e+18
1.765147698735835904e+18
1.766191389182371584e+18
1.767236017331390720e+18
1.768281472226819328e+18
1.769327696464992000e+18
1.770374767300528384e+18
1.771422637416126464e+18
1.772471451163224064e+18
1.773521165979592192e+18
1.774571808838914816e+18
1.775623366715798016e+18
1.776675662428041728e+18
1.777728847197523712e+18
1.778782811544431872e+18
1.779837613013539328e+18
1.780893436818776576e+18
1.781950101225554176e+18
1.783007726870150400e+18
1.784066233689602048e+18
1.785125477537380352e+18
1.786185614389081600e+18
1.787246547532226048e+18
1.788308384063691264e+18
1.789371199082674176e+18
1.790434903713421312e+18
1.791499555973724416e+18
1.792565020000862976e+18
1.793631311106131712e+18
1.794698435851769856e+18
1.795766389513742848e+18
1.796835346064043776e+18
1.797905176252176640e+18
1.798975981189986816e+18
1.800047710310313216e+18
1.801120169548138752e+18
1.802193549796539904e+18
1.803267728859487488e+18
1.804342782703330816e+18
1.805418868014681856e+18
1.806495822868129280e+18
1.807573752830036992e+18
1.808652557379244288e+18
1.809732140368411648e+18
1.810812615968631808e+18
1.811893914166930176e+18
1.812976167100028416e+18
1.814059380797966848e+18
1.815143533278579200e+18
1.816228641306862080e+18
1.817314540875544576e+18
1.818401334987363328e+18
1.819488945733724416e+18
1.820577416040974848e+18
1.821666942822676480e+18
1.822757339386029568e+18
1.823848733245393920e+18
1.824941053060464896e+18
1.826034128175620608e+18
1.827128136411644160e+18
1.828222966461831424e+18
1.829318714767299072e+18
1.830415493712372992e+18
1.831513179373065984e+18
1.832611852088376832e+18
1.833711387731634688e+18
1.834811754522611456e+18
1.835913005931724544e+18
1.837015109094851072e+18
1.838118224507975424e+18
1.839222272308671744e+18
1.840327316820059648e+18
1.841433322717396736e+18
1.842540100045300992e+18
1.843647825481273344e+18
1.844756377645398272e+18
1.845865823613336320e+18
1.846976344840210432e+18
1.848087759694828032e+18
1.849200187806362368e+18
1.850313538751359744e+18
1.851427681131330816e+18
1.852542761409494528e+18
1.853658689283142144e+18
1.854775584893093888e+18
1.855893500016502272e+18
1.857012367535832320e+18
1.858132232062494720e+18
1.859252942614145024e+18
1.860374548695826432e+18
1.861497023543016704e+18
1.862620382240947968e+18
1.863744815967489536e+18
1.864870159197669376e+18
1.865996536417868288e+18
1.867123884540453632e+18
1.868252010750692352e+18
1.869381109053981440e+18
1.870511056516522752e+18
1.871641939271415296e+18
1.872773903325977088e+18
1.873906794511426560e+18
1.875040713008315904e+18
1.876175546153107456e+18
1.877311218190861568e+18
1.878447825317508864e+18
1.879585308692712192e+18
1.880723815489362432e+18
1.881863320024207872e+18
1.883003831425316608e+18
1.884145347721579520e+18
1.885287687718475264e+18
1.886430991448493312e+18
1.887575156453537792e+18
1.888720236744876800e+18
1.889866434013228544e+18
1.891013552771728384e+18
1.892161723661891328e+18
1.893310865953224704e+18
1.894460816966339840e+18
1.895611750241989888e+18
1.896763557910363648e+18
1.897916348397090048e+18
1.899070215941780736e+18
1.900225052653186560e+18
1.901380928754711808e+18
1.902537706081497088e+18
1.903695381466079232e+18
1.904853981280975360e+18
1.906013488962348544e+18
1.907174082158638080e+18
1.908335644031042560e+18
1.909498268872238336e+18
1.910661908082924544e+18
1.911826356208833792e+18
1.912991812486855424e+18
1.914158147220402688e+18
1.915325436652451328e+18
1.916493856261733120e+18
1.917663227038900992e+18
1.918833666203259136e+18
1.920005072216165376e+18
1.921177328930421248e+18
1.922350570508489728e+18
1.923524714606727168e+18
1.924699895287352832e+18
1.925876138146863104e+18
1.927053401028952576e+18
1.928231713332000512e+18
1.929410908020727808e+18
1.930591072036067584e+18
1.931772141701926400e+18
1.932954153913263872e+18
1.934137312449198080e+18
1.935321429438193408e+18
1.936506638140275712e+18
1.937692867039515136e+18
1.938879926663848704e+18
1.940068011777798656e+18
1.941257000010195712e+18
1.942446988419987712e+18
1.943638109947145216e+18
1.944830220875396096e+18
1.946023414490315776e+18
1.947217565174068480e+18
1.948412620273228800e+18
1.949608655003702272e+18
1.950805623370473984e+18
1.952003688529147648e+18
1.953202789982822144e+18
1.954402971432281600e+18
1.955604210211083264e+18
1.956806308148632064e+18
1.958009441686689024e+18
1.959213485065247744e+18
1.960418505131611136e+18
1.961624702153954048e+18
1.962831878336808448e+18
1.964040164785371904e+18
1.965249470676255744e+18
1.966459643558219776e+18
1.967670850176190720e+18
1.968882987491467520e+18
1.970096176733392384e+18
1.971310491413815296e+18
1.972525842575430912e+18
1.973742288694645760e+18
1.974959676694014976e+18
1.976178034960022784e+18
1.977397359516052992e+18
1.978617651911113472e+18
1.979839107967598080e+18
1.981061573363600384e+18
1.982285167526441984e+18
1.983509830807100672e+18
1.984735351990319872e+18
1.985961940518886400e+18
1.987189462957514496e+18
1.988418005421151232e+18
1.989647735269771776e+18
1.990878478547070976e+18
1.992110348708774144e+18
1.993343232344541952e+18
1.994577030994557440e+18
1.995811863814058496e+18
1.997047657922003712e+18
1.998284562186896128e+18
1.999522573220795392e+18
2.000761676964437248e+18
2.002001885832914432e+18
2.003243015795637504e+18
2.004485190443210752e+18
2.005728317619881472e+18
2.006972446287067392e+18
2.008217796246053120e+18
2.009464157672931840e+18
2.010711672027012608e+18
2.011960258712567040e+18
2.013209733611404800e+18
2.014460289989327872e+18
2.015711807284491008e+18
2.016964394242846976e+18
2.018218168421586432e+18
2.019472999167574528e+18
2.020728971409775360e+18
2.021985945760525568e+18
2.023243895314072832e+18
2.024502871379673088e+18
2.025762842436747008e+18
2.027023988580032000e+18
2.028286211447464448e+18
2.029549592713680640e+18
2.030814087090377472e+18
2.032079483964430848e+18
2.033345982537869312e+18
2.034613448025611520e+18
2.035881956102331392e+18
2.037151703705550848e+18
2.038422492913131520e+18
2.039694454087926784e+18
2.040967485611996416e+18
2.042241447434690048e+18
2.043516497083855872e+18
2.044792537693041664e+18
2.046069704118510592e+18
2.047348046630440704e+18
2.048627498024403712e+18
2.049908103443859968e+18
2.051189694018754560e+18
2.052472332572935168e+18
2.053755981602887424e+18
2.055040662542238720e+18
2.056326587677052416e+18
2.057613570595682560e+18
2.058901749862192128e+18
2.060191054535919872e+18
2.061481274064049152e+18
2.062772621437849088e+18
2.064064962138287616e+18
2.065358392855935488e+18
2.066653070773998080e+18
2.067948829323259904e+18
2.069245776897026560e+18
2.070543787456262912e+18
2.071842782587769088e+18
2.073142863825852672e+18
2.074443969203676160e+18
2.075746263287102464e+18
2.077049710964678144e+18
2.078354329331778048e+18
2.079660112092689152e+18
2.080966857271281664e+18
2.082274725934926848e+18
2.083583600953107968e+18
2.084893544085734144e+18
2.086204776396195840e+18
2.087517083016773632e+18
2.088830607552462592e+18
2.090145259680028416e+18
2.091460862555776000e+18
2.092777605794565376e+18
2.094095371830962432e+18
2.095414281859752192e+18
2.096734435822381568e+18
2.098055718643458048e+18
2.099378205487514112e+18
2.100701742379291136e+18
2.102026330733586176e+18
2.103351995116261376e+18
2.104678720060131584e+18
2.106006703564090880e+18
2.107335811505301504e+18
2.108666151570438144e+18
2.109997669252097280e+18
2.111330136237062144e+18
2.112663774855496960e+18
2.113998441556142848e+18
2.115334221488079360e+18
2.116671306444876288e+18
2.118009500452278528e+18
2.119348931986103040e+18
2.120689487934717440e+18
2.122031042730892544e+18
2.123373742369920256e+18
2.124717497439237120e+18
2.126062457247806464e+18
2.127408646389871360e+18
2.128756022138958336e+18
2.130104614771766528e+18
2.131454238741424128e+18
2.132804994123865088e+18
2.134156806796758784e+18
2.135509719802394112e+18
2.136863958913330688e+18
2.138219314899965952e+18
2.139575935590461440e+18
2.140933741368446720e+18
2.142292524026887936e+18
2.143652498202787840e+18
2.145013529336588800e+18
2.146375725395575808e+18
2.147739231422754560e+18
2.149103890461837824e+18
2.150469804606243328e+18
2.151836834432300544e+18
2.153204923844906496e+18
2.154574154248623360e+18
2.155944475983623424e+18
2.157316070208902656e+18
2.158688867426273024e+18
2.160062918852722432e+18
2.161438197804079616e+18
2.162814485111547136e+18
2.164191976851483904e+18
2.165570533942797312e+18
2.166950230600794880e+18
2.168331287566908672e+18
2.169713486765092352e+18
2.171096972945058048e+18
2.172481645413736448e+18
2.173867336421519872e+18
2.175254229897095680e+18
2.176642212392440320e+18
2.178031418312026880e+18
2.179421927842077952e+18
2.180813643891480832e+18
2.182206630513345280e+18
2.183600718326446848e+18
2.184995939554078720e+18
2.186392289284937984e+18
2.187789769626628608e+18
2.189188597454326016e+18
2.190588601321991424e+18
2.191989914093799424e+18
2.193392469574536448e+18
2.194796034308926208e+18
2.196200840047059968e+18
2.197606739393562368e+18
2.199013827613317632e+18
2.200422289647921920e+18
2.201831933426974208e+18
2.203242884462562816e+18
2.204655017454445056e+18
2.206068223300676096e+18
2.207482634266778112e+18
2.208898169609114880e+18
2.210314993915988224e+18
2.211733103762915072e+18
2.213152483519544576e+18
2.214573147121724928e+18
2.215994891459049216e+18
2.217417852372057600e+18
2.218841928790972416e+18
2.220267174514508032e+18
2.221693832868291584e+18
2.223121671835447040e+18
2.224550848168457728e+18
2.225981272988278528e+18
2.227412742006141184e+18
2.228845469728189952e+18
2.230279322525922560e+18
2.231714420340057088e+18
2.233150894215968000e+18
2.234588598915609856e+18
2.236027629063654656e+18
2.237467831098721024e+18
2.238909173415298816e+18
2.240351714897905152e+18
2.241795419519973376e+18
2.243240485932354048e+18
2.244686807675345152e+18
2.246134472949931008e+18
2.247583433063742976e+18
2.249033455503217920e+18
2.250484759524414208e+18
2.251937196473633536e+18
2.253390849538092800e+18
2.254845937667508992e+18
2.256302241286255360e+18
2.257759905361226240e+18
2.259218818194426880e+18
2.260678822837273344e+18
2.262140095626695680e+18
2.263602528279700480e+18
2.265066269168470272e+18
2.266531376690317824e+18
2.267997774023442944e+18
2.269465512831246080e+18
2.270934407509423104e+18
2.272404523479730432e+18
2.273875823737538560e+18
2.275348329420790272e+18
2.276822274991694592e+18
2.278297456051588096e+18
2.279774025760460544e+18
2.281251906344267264e+18
2.282730863347273984e+18
2.284211133599071744e+18
2.285692567628043776e+18
2.287175271448662272e+18
2.288659421559410432e+18
2.290144831618821376e+18
2.291631623173869312e+18
2.293119658046965248e+18
2.294608845469731840e+18
2.296099301912811776e+18
2.297590956442042112e+18
2.299083989750600704e+18
2.300578368157129472e+18
2.302074105624187904e+18
2.303571198340793088e+18
2.305069424745728000e+18
2.306568957277025280e+18
2.308069670458537984e+18
2.309571630591354880e+18
2.311075083997008384e+18
2.312579792115911680e+18
2.314085914913971712e+18
2.315593353672497664e+18
2.317101909470950400e+18
2.318611795046685696e+18
2.320122878594976768e+18
2.321635292720284672e+18
2.323149152731506176e+18
2.324664327080027648e+18
2.326180901829581824e+18
2.327698708532880896e+18
2.329217742131981312e+18
2.330738036734594048e+18
2.332259571198587904e+18
2.333782562566305792e+18
2.335306869202422784e+18
2.336832606259502592e+18
2.338359714258791424e+18
2.339887942826117120e+18
2.341417534801891328e+18
2.342948332093430272e+18
2.344480427432426496e+18
2.346014036632976384e+18
2.347548940189719040e+18
2.349085282440002560e+18
2.350622940055087616e+18
2.352161768468913152e+18
2.353701934664555008e+18
2.355243336490393600e+18
2.356786137039309312e+18
2.358330371005447168e+18
2.359875983985044992e+18
2.361423014050852864e+18
2.362971258561789952e+18
2.364520818415536640e+18
2.366071622031853568e+18
2.367623710959522816e+18
2.369177334173961728e+18
2.370732264140406272e+18
2.372288664001644032e+18
2.373846447284220416e+18
2.375405379746431488e+18
2.376965701898740736e+18
2.378527262945943552e+18
2.380090180276111872e+18
2.381654620483068416e+18
2.383220404634918400e+18
2.384787649395547648e+18
2.386356203029646848e+18
2.387925994843194368e+18
2.389497123594242560e+18
2.391069529215410688e+18
2.392643409326938624e+18
2.394218697871729152e+18
2.395795440764576768e+18
2.397373615119158272e+18
2.398952980037853696e+18
2.400533746748951040e+18
2.402115763633229824e+18
2.403699110621941760e+18
2.405284035913191424e+18
2.406870295748799488e+18
2.408458052600731136e+18
2.410047197345880064e+18
2.411637537746569216e+18
2.413229283285713408e+18
2.414822304788378112e+18
2.416416748204308480e+18
2.418012711499589120e+18
2.419610078637179392e+18
2.421208926113127936e+18
2.422809069853305344e+18
2.424410533276706816e+18
2.426013323607669248e+18
2.427617435755143168e+18
2.429223106051137024e+18
2.430830157110463488e+18
2.432438728302180864e+18
2.434048750477129728e+18
2.435659961565747200e+18
2.437272620187342336e+18
2.438886561644630528e+18
2.440501888773386752e+18
2.442118813046704640e+18
2.443737116447283200e+18
2.445356941924930560e+18
2.446978153905979392e+18
2.448600621648851456e+18
2.450224501179372544e+18
2.451849697353614848e+18
2.453476388730670592e+18
2.455104584521758208e+18
2.456734254737196544e+18
2.458365422745108480e+18
2.459997868059811840e+18
2.461631727234377216e+18
2.463266897690584064e+18
2.464903436775280640e+18
2.466541610315997184e+18
2.468181167226957312e+18
2.469822280570442240e+18
2.471464854667378176e+18
2.473108656561740800e+18
2.474753929204239872e+18
2.476400521138259456e+18
2.478048561737164800e+18
2.479698206372150272e+18
2.481349285042330624e+18
2.483001908702758912e+18
2.484655911390880256e+18
2.486311244085001728e+18
2.487967986076966400e+18
2.489626089130748928e+18
2.491285768609876480e+18
2.492946924098139136e+18
2.494609635666696192e+18
2.496273860113177088e+18
2.497939341880530432e+18
2.499606316399351296e+18
2.501274620932496384e+18
2.502944344550964736e+18
2.504615736355019264e+18
2.506288548575415808e+18
2.507962945575299584e+18
2.509638807276974592e+18
2.511315949290991616e+18
2.512994576527241728e+18
2.514674563151341056e+18
2.516356069128466432e+18
2.518039173623300608e+18
2.519723777767122944e+18
2.521409947576733184e+18
2.523097482620054528e+18
2.524786436577278464e+18
2.526476787851235328e+18
2.528168548473703936e+18
2.529861974960389632e+18
2.531556852262561280e+18
2.533253345498701312e+18
2.534951372513381888e+18
2.536650667484114944e+18
2.538351496691225600e+18
2.540053691732307968e+18
2.541757366091305472e+18
2.543462725847130624e+18
2.545169555722035712e+18
2.546877996617675776e+18
2.548587900115496960e+18
2.550299150585506816e+18
2.552011891668054528e+18
2.553726036003771904e+18
2.555441778353211392e+18
2.557159100815906304e+18
2.558877999641731072e+18
2.560598482477704704e+18
2.562320310194334720e+18
2.564043653524219392e+18
2.565768387167208448e+18
2.567494577704221184e+18
2.569222503691689984e+18
2.570951898064772096e+18
2.572682941121406976e+18
2.574415527487960576e+18
2.576149426409381888e+18
2.577884882208085504e+18
2.579621743329472512e+18
2.581360151728870400e+18
2.583100250395585536e+18
2.584841879605988352e+18
2.586585143882379776e+18
2.588329862379059712e+18
2.590076009185072128e+18
2.591823642554756096e+18
2.593572726944867840e+18
2.595323496269577216e+18
2.597075814424054272e+18
2.598829796163530240e+18
2.600585378329848320e+18
2.602342290129804800e+18
2.604100790767321600e+18
2.605860707230905856e+18
2.607622137933655040e+18
2.609385332061735424e+18
2.611150038852426240e+18
2.612916424045873664e+18
2.614684356076915200e+18
2.616453659405319168e+18
2.618224533232388608e+18
2.619996855670571008e+18
2.621770801356263936e+18
2.623546429358546432e+18
2.625323659450629120e+18
2.627102546364178432e+18
2.628882872590896640e+18
2.630664723693096448e+18
2.632448047502417408e+18
2.634232874138935808e+18
2.636019476721830912e+18
2.637807614154849792e+18
2.639597465337984512e+18
2.641388938671813120e+18
2.643181765277357568e+18
2.644976218236849152e+18
2.646772125880284160e+18
2.648569612865432064e+18
2.650368878990934016e+18
2.652169712788421632e+18
2.653972252557540864e+18
2.655776336451995648e+18
2.657581865068888064e+18
2.659388968427987456e+18
2.661197567621572096e+18
2.663007874333488640e+18
2.664819842091969536e+18
2.666633495021815296e+18
2.668448824141469696e+18
2.670265570890184192e+18
2.672083941792574464e+18
2.673903787532827136e+18
2.675725187097341440e+18
2.677548424197911552e+18
2.679373223577698304e+18
2.681199770060188672e+18
2.683027948108242944e+18
2.684857529912123392e+18
2.686688760284476416e+18
2.688521488028708352e+18
2.690355868260586496e+18
2.692192030603487744e+18
2.694029826764785664e+18
2.695869354222360064e+18
2.697710416608187904e+18
2.699553012382573568e+18
2.701397177393246720e+18
2.703242889536663552e+18
2.705090402072798208e+18
2.706939546338618368e+18
2.708790459244080128e+18
2.710643071008230400e+18
2.712497090417171456e+18
2.714352800873489920e+18
2.716210019053747712e+18
2.718068853171045888e+18
2.719929551853507584e+18
2.721791862178300416e+18
2.723655950858005504e+18
2.725521674327372800e+18
2.727388866715644416e+18
2.729257720580143104e+18
2.731128118472023040e+18
2.733000250337027072e+18
2.734874154036937728e+18
2.736749769258053632e+18
2.738627138758268928e+18
2.740506027250882048e+18
2.742386553618051072e+18
2.744268633580726272e+18
2.746152316194128896e+18
2.748037890667648512e+18
2.749925092386610688e+18
2.751814111185414656e+18
2.753704846582210048e+18
2.755597027163881984e+18
2.757490932142227968e+18
2.759386386909011968e+18
2.761283527799899136e+18
2.763182547630186496e+18
2.765083239612636160e+18
2.766985739007841280e+18
2.768889869979208704e+18
2.770795550276776448e+18
2.772702895276989952e+18
2.774611835070014464e+18
2.776522598967920640e+18
2.778435110656880640e+18
2.780349423560674816e+18
2.782265511283242496e+18
2.784183095060378624e+18
2.786102418665129472e+18
2.788023307595226624e+18
2.789945854013278208e+18
2.791870346348363776e+18
2.793796501794921984e+18
2.795724509422479360e+18
2.797654243084438016e+18
2.799585478474159616e+18
2.801518460216058880e+18
2.803453037810707456e+18
2.805389380091222528e+18
2.807327602523996160e+18
2.809267569190086144e+18
2.811209370034737664e+18
2.813152792548581376e+18
2.815097860625972736e+18
2.817044586562545152e+18
2.818992962314617344e+18
2.820943261267228160e+18
2.822895280914306048e+18
2.824849181400508416e+18
2.826804883611913728e+18
2.828762082312967680e+18
2.830721078531461120e+18
2.832681680881658368e+18
2.834644007809935872e+18
2.836608306929855488e+18
2.838574323792542720e+18
2.840542225797494272e+18
2.842511856890247680e+18
2.844483061491518976e+18
2.846456024797710848e+18
2.848430634165538304e+18
2.850407095466881536e+18
2.852385424446615040e+18
2.854365581752150528e+18
2.856347597608546816e+18
2.858331218268295680e+18
2.860316596102049280e+18
2.862303616607085568e+18
2.864292345295833088e+18
2.866283089034796032e+18
2.868275559293599232e+18
2.870269956959795712e+18
2.872266172285429760e+18
2.874263931657080320e+18
2.876263519944761856e+18
2.878264759814754816e+18
2.880267799759550464e+18
2.882272825108172288e+18
2.884279634410799616e+18
2.886288359579396608e+18
2.888298810248382976e+18
2.890310922037359104e+18
2.892324794889750016e+18
2.894340368307110912e+18
2.896357889913841152e+18
2.898377252493586944e+18
2.900398539958862848e+18
2.902421707848379904e+18
2.904446460849543168e+18
2.906473068040016896e+18
2.908501341922244608e+18
2.910531384108831744e+18
2.912563487495904768e+18
2.914597362176904704e+18
2.916633201306536448e+18
2.918670867709028352e+18
2.920710140935500800e+18
2.922751264963467776e+18
2.924794090203171328e+18
2.926838799736603136e+18
2.928885494294195200e+18
2.930934051042462208e+18
2.932984552041338368e+18
2.935036768045017088e+18
2.937090749225469440e+18
2.939146483427407360e+18
2.941203977147235328e+18
2.943263524654289408e+18
2.945324888495224320e+18
2.947388252995704832e+18
2.949453526937613312e+18
2.951520397723386880e+18
2.953589177179227648e+18
2.955659668142211584e+18
2.957731999697108992e+18
2.959806418189784576e+18
2.961882668064304640e+18
2.963960917250562048e+18
2.966040996742824448e+18
2.968122761658264064e+18
2.970206389353290240e+18
2.972291772220732928e+18
2.974379132650016256e+18
2.976468463582701568e+18
2.978559747429894144e+18
2.980653001467780096e+18
2.982747952829405184e+18
2.984844784825466880e+18
2.986943362342406144e+18
2.989043757653049344e+18
2.991146298200714240e+18
2.993250672313666048e+18
2.995357091714025984e+18
2.997465437032485888e+18
2.999575432585420800e+18
3.001687368645454848e+18
3.003801065240674816e+18
3.005916683470409728e+18
3.008034400892779008e+18
3.010154021817707520e+18
3.012275674637917696e+18
3.014399153947798016e+18
3.016524413723082752e+18
3.018651537939555840e+18
3.020780475778179584e+18
3.022911493834646016e+18
3.025044453163020800e+18
3.027179469095398912e+18
3.029316478604377600e+18
3.031455169959589888e+18
3.033595836046035968e+18
3.035738278071526400e+18
3.037882606822436864e+18
3.040029119613948928e+18
3.042177519677079552e+18
3.044328004218400768e+18
3.046480424643004416e+18
3.048634564493781504e+18
3.050790666880056320e+18
3.052948583197210624e+18
3.055108511278125056e+18
3.057270536770762240e+18
3.059434550386890240e+18
3.061600626096845824e+18
3.063768517351354368e+18
3.065938301201262592e+18
3.068109940412923392e+18
3.070283456348915712e+18
3.072459163888244736e+18
3.074636792755296768e+18
3.076816549227408896e+18
3.078998330484790784e+18
3.081181816523092480e+18
3.083367329850686464e+18
3.085554667523265536e+18
3.087743969637139968e+18
3.089935481237560320e+18
3.092128945848982528e+18
3.094324531914660864e+18
3.096522057046456832e+18
3.098721387226040320e+18
3.100922691749067776e+18
3.103125868126807552e+18
3.105331155827793408e+18
3.107538524549713408e+18
3.109747979000802816e+18
3.111959523249632256e+18
3.114172864679429120e+18
3.116388218245135360e+18
3.118605427603040768e+18
3.120824575963406848e+18
3.123046000256038912e+18
3.125269376987170304e+18
3.127494925037033984e+18
3.129722515091557376e+18
3.131951869307489280e+18
3.134183283335288832e+18
3.136416574517621248e+18
3.138651916977505280e+18
3.140889480455085056e+18
3.143129075189132288e+18
3.145370826033501184e+18
3.147614512063372800e+18
3.149860105844747776e+18
3.152107675129571840e+18
3.154357178887296512e+18
3.156608903313970176e+18
3.158862678566946304e+18
3.161118647838472704e+18
3.163376733404713472e+18
3.165636605188788736e+18
3.167898580223159808e+18
3.170162448234043392e+18
3.172428329483592192e+18
3.174696525875227648e+18
3.176966733793157632e+18
3.179239154599241216e+18
3.181513627923055616e+18
3.183789941194158592e+18
3.186068336688029696e+18
3.188348666712807936e+18
3.190631144320226816e+18
3.192915839983470080e+18
3.195202658145132032e+18
3.197491664643713024e+18
3.199782595092069376e+18
3.202075553754075136e+18
3.204370477987938816e+18
3.206667404179313152e+18
3.208966665059810816e+18
3.211267967238691840e+18
3.213571529194550272e+18
3.215877239566007808e+18
3.218184770684195328e+18
3.220494455840841216e+18
3.222806086177673216e+18
3.225119813139548160e+18
3.227435880676007936e+18
3.229754031330870272e+18
3.232074434194092032e+18
3.234396893099100160e+18
3.236721284802091008e+18
3.239047770596947968e+18
3.241376253034948608e+18
3.243706989190555648e+18
3.246039925347086336e+18
3.248375088748944896e+18
3.250712470170989568e+18
3.253051756649355776e+18
3.255393195253100544e+18
3.257736607965465088e+18
3.260082089271174144e+18
3.262429985900463616e+18
3.264779962453697536e+18
3.267132245154951168e+18
3.269486694457511424e+18
3.271843030033152512e+18
3.274201553131599872e+18
3.276562078218985472e+18
3.278924792821202432e+18
3.281289859071185408e+18
3.283657093032258048e+18
3.286026616163443712e+18
3.288398191578011648e+18
3.290771810390121472e+18
3.293147524174816256e+18
3.295525301625819136e+18
3.297905449133417472e+18
3.300287768433687552e+18
3.302672422633699328e+18
3.305059327437737984e+18
3.307448131090184704e+18
3.309839175104233984e+18
3.312232237487177728e+18
3.314627448240552448e+18
3.317025114257701376e+18
3.319424924854816768e+18
3.321827085798594560e+18
3.324231424624387072e+18
3.326637732284948992e+18
3.329046250530688512e+18
3.331456832351088128e+18
3.333869706445659136e+18
3.336284928297758720e+18
3.338702415968751104e+18
3.341122227299572224e+18
3.343544079568381440e+18
3.345968104292628992e+18
3.348394213418240000e+18
3.350822458325516800e+18
3.353253190207164928e+18
3.355686092310133248e+18
3.358121395587398656e+18
3.360558979909161984e+18
3.362998509457693184e+18
3.365440328638306816e+18
3.367884222410435584e+18
3.370330353863875072e+18
3.372778966313401344e+18
3.375229800995395584e+18
3.377683027941526528e+18
3.380138436850388480e+18
3.382595914882557440e+18
3.385055615691144704e+18
3.387517446615144448e+18
3.389981682821675520e+18
3.392448247305052672e+18
3.394917189763826176e+18
3.397388487781919744e+18
3.399861807489573888e+18
3.402337428280999424e+18
3.404815150216924672e+18
3.407295079276351488e+18
3.409777572524773376e+18
3.412262282355537408e+18
3.414749442659935744e+18
3.417238903410181632e+18
3.419730381215073792e+18
3.422224183406517760e+18
3.424720121229759488e+18
3.427218395950151680e+18
3.429719162583222784e+18
3.432222242618356224e+18
3.434727754440681472e+18
3.437235444800208384e+18
3.439745323015856128e+18
3.442257424861632000e+18
3.444771728503016960e+18
3.447288561077537280e+18
3.449807695852285440e+18
3.452329316070458368e+18
3.454853330679512064e+18
3.457379365702777856e+18
3.459907787453134848e+18
3.462438361931076096e+18
3.464971229098420736e+18
3.467506701488188928e+18
3.470044460876896256e+18
3.472584717841198592e+18
3.475127287545523200e+18
3.477671963824129024e+18
3.480218988504598016e+18
3.482768214855888384e+18
3.485319887609861632e+18
3.487874047746344448e+18
3.490430626511488512e+18
3.492989674074649600e+18
3.495550888925344768e+18
3.498114429553503744e+18
3.500680182843678208e+18
3.503248214940098560e+18
3.505818896146670080e+18
3.508391886125846528e+18
3.510967428631242240e+18
3.513545394578100224e+18
3.516125439275371520e+18
3.518707918812177920e+18
3.521292611554425856e+18
3.523879692487849984e+18
3.526469405028171776e+18
3.529061488494379008e+18
3.531656114328073728e+18
3.534253057781061120e+18
3.536852215744867328e+18
3.539453734917792768e+18
3.542057526986864640e+18
3.544663885652671488e+18
3.547272711068973056e+18
3.549884074957462016e+18
3.552497942019959296e+18
3.555113956966219776e+18
3.557732431441780736e+18
3.560353143546736128e+18
3.562976210847518720e+18
3.565602001512726528e+18
3.568230155201140224e+18
3.570860913939458048e+18
3.573494117013949440e+18
3.576129477122808320e+18
3.578767308439535616e+18
3.581407418481584128e+18
3.584050022542428160e+18
3.586695269311027200e+18
3.589342984988948992e+18
3.591993285398880768e+18
3.594645900572928000e+18
3.597300857363668480e+18
3.599958176475697152e+18
3.602617845089812992e+18
3.605280211596602880e+18
3.607945021031024640e+18
3.610612476796728320e+18
3.613282479105183232e+18
3.615954636736198144e+18
3.618629335590377984e+18
3.621306331159456256e+18
3.623985773539162112e+18
3.626667981815505920e+18
3.629352629490113024e+18
3.632039932519659520e+18
3.634729693467668992e+18
3.637421708109507584e+18
3.640116219264841216e+18
3.642813079898148864e+18
3.645512551108055552e+18
3.648214660183899136e+18
3.650919350775508480e+18
3.653626665914158080e+18
3.656336284895519232e+18
3.659048392549495296e+18
3.661762851436029952e+18
3.664479742012483072e+18
3.667199454384771072e+18
3.669921624443785728e+18
3.672646509122942464e+18
3.675373970240068096e+18
3.678103653252995072e+18
3.680835926754789376e+18
3.683570561957059584e+18
3.686307745941959168e+18
3.689047723255700992e+18
3.691790230389463552e+18
3.694535440847943168e+18
3.697283115173822976e+18
3.700033158988897792e+18
3.702785713070935552e+18
3.705540692814032896e+18
3.708298410840892416e+18
3.711058745264900608e+18
3.713821789021714944e+18
3.716587494464014336e+18
3.719355486674309120e+18
3.722126102391049728e+18
3.724899104717672448e+18
3.727674620507644928e+18
3.730453030045044224e+18
3.733233959492286976e+18
3.736017659631179264e+18
3.738803958905060352e+18
3.741592564967388672e+18
3.744383799883595776e+18
3.747177466764691456e+18
3.749973795167416320e+18
3.752772928568633344e+18
3.755574696831285760e+18
3.758379213931701248e+18
3.761186192881793024e+18
3.763995677041455616e+18
3.766807673160976384e+18
3.769622176759818240e+18
3.772439557933473280e+18
3.775259534032562688e+18
3.778082328432533504e+18
3.780907831527587328e+18
3.783735637290178048e+18
3.786566148522173440e+18
3.789399110802808320e+18
3.792234684483265024e+18
3.795073196394752512e+18
3.797914310752948224e+18
3.800758249638777344e+18
3.803604802836420608e+18
3.806453766802582528e+18
3.809305386595482112e+18
3.812159514097539072e+18
3.815016427052146176e+18
3.817876140224180736e+18
3.820738608513153024e+18
3.823603868569725440e+18
3.826471580145439744e+18
3.829341951286695424e+18
3.832214827708649472e+18
3.835090297167148032e+18
3.837968772408509440e+18
3.840849865411981312e+18
3.843733846721808896e+18
3.846620568963885056e+18
3.849509666501342208e+18
3.852401521509747200e+18
3.855295897330016768e+18
3.858192993285267456e+18
3.861093056394721792e+18
3.863995819094158336e+18
3.866901457801059840e+18
3.869809718141780480e+18
3.872720513115839488e+18
3.875633978986668544e+18
3.878550033999058944e+18
3.881469010027464704e+18
3.884390764326852608e+18
3.887315409829386240e+18
3.890242887314477568e+18
3.893172802403399680e+18
3.896105514480850432e+18
3.899040773813476352e+18
3.901978715780128768e+18
3.904919734047856640e+18
3.907863440280564736e+18
3.910810094792408064e+18
3.913759515079237632e+18
3.916711402312521216e+18
3.919666087804125184e+18
3.922623369399693824e+18
3.925583491094730752e+18
3.928546592615213568e+18
3.931512506076401664e+18
3.934481344543101440e+18
3.937452803763247104e+18
3.940426942193858048e+18
3.943403754157762560e+18
3.946383242599589376e+18
3.949365799710242816e+18
3.952351116042388992e+18
3.955339434525316096e+18
3.958330635941577216e+18
3.961324298199777792e+18
3.964320841987640832e+18
3.967320002282776576e+18
3.970321949756204032e+18
3.973327020470117376e+18
3.976334868056449024e+18
3.979345721647379456e+18
3.982359358126068736e+18
3.985375573030654464e+18
3.988394615254229504e+18
3.991416334614576640e+18
3.994441025714805248e+18
3.997468692341413376e+18
4.000499299090603008e+18
4.003532877230674432e+18
4.006569066680389632e+18
4.009608097078665728e+18
4.012649799482555904e+18
4.015694267417937408e+18
4.018741937232146944e+18
4.021792396913517568e+18
4.024845931098003456e+18
4.027902383177007616e+18
4.030961374898172416e+18
4.034023303362955776e+18
4.037087923164580864e+18
4.040155445950008320e+18
4.043226122885850624e+18
4.046299680791820800e+18
4.049376300055914496e+18
4.052455711241846784e+18
4.055537832997459968e+18
4.058622798873260032e+18
4.061710528878910976e+18
4.064801374403935232e+18
4.067895173439748608e+18
4.070992057258294784e+18
4.074091956104091136e+18
4.077194455454145536e+18
4.080299937260876288e+18
4.083408138642874880e+18
4.086519203500975616e+18
4.089633540417050112e+18
4.092750745310218240e+18
4.095871088966707200e+18
4.098994377887422976e+18
4.102120305005660672e+18
4.105249212550197248e+18
4.108380892054067200e+18
4.111515602061040128e+18
4.114653480377348608e+18
4.117794359582291968e+18
4.120938352997091840e+18
4.124085138926802944e+18
4.127234789102199808e+18
4.130387287385795072e+18
4.133542642980068864e+18
4.136701270492558336e+18
4.139862834931854848e+18
4.143027598117311488e+18
4.146195431567134208e+18
4.149365895629114880e+18
4.152539430073423872e+18
4.155715758453166592e+18
4.158895061761216000e+18
4.162077687083843584e+18
4.165263275875633152e+18
4.168452065437791232e+18
4.171643819692891648e+18
4.174838331300028928e+18
4.178035854950504960e+18
4.181236237199012864e+18
4.184439789653128704e+18
4.187646507074756608e+18
4.190856361778735616e+18
4.194069380907155456e+18
4.197285184326064128e+18
4.200504021775541760e+18
4.203725710581211648e+18
4.206950349977578496e+18
4.210178400325806080e+18
4.213409425620980224e+18
4.216643725118276608e+18
4.219881132988069376e+18
4.223121256554660352e+18
4.226364509457431552e+18
4.229610636500520960e+18
4.232859861669936640e+18
4.236112442304289280e+18
4.239368097699030016e+18
4.242627013489385984e+18
4.245888905097119744e+18
4.249153694687003136e+18
4.252421515316019200e+18
4.255692287429420032e+18
4.258966382121015808e+18
4.262243620158582272e+18
4.265524149026510848e+18
4.268807889755307008e+18
4.272094406964244480e+18
4.275384104998741504e+18
4.278676707499460608e+18
4.281972366824253440e+18
4.285271508273383424e+18
4.288573710529863168e+18
4.291879255958030336e+18
4.295187940078263296e+18
4.298499445495825920e+18
4.301814127352378880e+18
4.305131769625951232e+18
4.308452645445286912e+18
4.311776892921003520e+18
4.315104342908964864e+18
4.318435110401865728e+18
4.321768856154684416e+18
4.325105662905478656e+18
4.328445506492372992e+18
4.331788400937509376e+18
4.335134783508453888e+18
4.338484295320998912e+18
4.341837216158612480e+18
4.345193408770664960e+18
4.348552414204179456e+18
4.351914692714555904e+18
4.355279955475131392e+18
4.358648393734813696e+18
4.362020367716641792e+18
4.365395504801826816e+18
4.368774051776075264e+18
4.372155759609501696e+18
4.375540415741360640e+18
4.378928283007008768e+18
4.382319203273591808e+18
4.385713505220193280e+18
4.389111176973448704e+18
4.392512196138039808e+18
4.395916587261149184e+18
4.399323950012434432e+18
4.402734552338488832e+18
4.406148199037754880e+18
4.409564995372824576e+18
4.412985424768573952e+18
4.416409028632233472e+18
4.419836120970363904e+18
4.423266526805762048e+18
4.426699836936809984e+18
4.430136483421852672e+18
4.433576200068111360e+18
4.437019223141916672e+18
4.440465818545984512e+18
4.443915695783368704e+18
4.447369047242370048e+18
4.450825573196821504e+18
4.454285196770248192e+18
4.457748053185065984e+18
4.461214061735959552e+18
4.464683613327784448e+18
4.468156514022441472e+18
4.471632924887372288e+18
4.475112759362930688e+18
4.478595560471115776e+18
4.482081754657903616e+18
4.485571051746321408e+18
4.489063612420009984e+18
4.492559880777846272e+18
4.496059416533321216e+18
4.499562514903136768e+18
4.503068960508302336e+18
4.506578423189509632e+18
4.510091273329458688e+18
4.513607285908093440e+18
4.517126748595960832e+18
4.520649802447642112e+18
4.524176273990437376e+18
4.527706281564207104e+18
4.531239468345551360e+18
4.534775925340151296e+18
4.538315623294195712e+18
4.541858579323630080e+18
4.545405253512505856e+18
4.548955265163317760e+18
4.552508910819239424e+18
4.556066045110271488e+18
4.559626187800471552e+18
4.563189821228917248e+18
4.566756643105164288e+18
4.570326854794992640e+18
4.573900832100728832e+18
4.577478186128465920e+18
4.581059174667054592e+18
4.584643535815603712e+18
4.588231049054030336e+18
4.591821988103235072e+18
4.595416188483285504e+18
4.599013995926156800e+18
4.602615394775845888e+18
4.606220365022662144e+18
4.609828930442310144e+18
4.613440670448626688e+18
4.617055868867348480e+18
4.620674319467598848e+18
4.624296133496541184e+18
4.627921817343388672e+18
4.631550890437108736e+18
4.635183682007803904e+18
4.638820008068086784e+18
4.642459440488248320e+18
4.646102431891689472e+18
4.649748703714501632e+18
4.653398504364269568e+18
4.657052111083160576e+18
4.660709220943936512e+18
4.664370034832103424e+18
4.668034237947509760e+18
4.671701751363303424e+18
4.675372715585601536e+18
4.679047046902887424e+18
4.682725156046567424e+18
4.686406837401399296e+18
4.690092262455406592e+18
4.693781339006128128e+18
4.697473587718462464e+18
4.701169456703856640e+18
4.704868641629124608e+18
4.708571311301688320e+18
4.712277930977581056e+18
4.715988039432821760e+18
4.719701946178764800e+18
4.723419425089801216e+18
4.727140130448158720e+18
4.730864450540772352e+18
4.734592149702151168e+18
4.738323530014238720e+18
4.742058738551890944e+18
4.745797594474734592e+18
4.749540221418930176e+18
4.753286245040694272e+18
4.757035761370664960e+18
4.760788739518665728e+18
4.764545197664582656e+18
4.768305618768718848e+18
4.772069602859328512e+18
4.775837461741052928e+18
4.779609042732354560e+18
4.783383842094755840e+18
4.787162366028423168e+18
4.790944297573297152e+18
4.794729847993928704e+18
4.798519411451731968e+18
4.802312580271083520e+18
4.806109624969324544e+18
4.809910270935202816e+18
4.813714286534383616e+18
4.817521959520334848e+18
4.821333117164056576e+18
4.825148122137783296e+18
4.828966958345932800e+18
4.832789604761762816e+18
4.836616086521581568e+18
4.840445962816544768e+18
4.844279530561967104e+18
4.848116574304035840e+18
4.851957210405221376e+18
4.855801970340887552e+18
4.859650350017240064e+18
4.863502695152624640e+18
4.867358812954616832e+18
4.871218253662352384e+18
4.875081492866016256e+18
4.878948238092939264e+18
4.882818749665899520e+18
4.886693319338548224e+18
4.890571628739715072e+18
4.894453889241873408e+18
4.898339771131429888e+18
4.902229189948486656e+18
4.906122295077551104e+18
4.910018997664376832e+18
4.913919728181824512e+18
4.917824272910317568e+18
4.921732810032901120e+18
4.925645243995563008e+18
4.929561072333335552e+18
4.933480764216287232e+18
4.937404000831545344e+18
4.941330958832983040e+18
4.945262127268278272e+18
4.949197021786939392e+18
4.953135967802340352e+18
4.957078728671313920e+18
4.961024939958879232e+18
4.964975010852404224e+18
4.968928693188203520e+18
4.972886303234271232e+18
4.976847997618500608e+18
4.980813584646503424e+18
4.984783195484741632e+18
4.988756438421055488e+18
4.992733410736355328e+18
4.996714083907317760e+18
5.000698474828453888e+18
5.004687089289160704e+18
5.008679511073467392e+18
5.012676065441250304e+18
5.016676593368275968e+18
5.020680565166675968e+18
5.024688512830313472e+18
5.028700103412220928e+18
5.032715557773155328e+18
5.036735291554689024e+18
5.040758875494049792e+18
5.044786594770339840e+18
5.048818162307482624e+18
5.052853331772609536e+18
5.056892408509917184e+18
5.060935209391568896e+18
5.064982113814780928e+18
5.069033109103683584e+18
5.073088169292821504e+18
5.077147323335359488e+18
5.081210110334181376e+18
5.085276837013307392e+18
5.089347280824197120e+18
5.093421562218521600e+18
5.097500240076838912e+18
5.101582785121997824e+18
5.105669560937238528e+18
5.109760366201350144e+18
5.113854726521854976e+18
5.117953143097014272e+18
5.122055307850524672e+18
5.126161492700726272e+18
5.130272007491861504e+18
5.134386515017907200e+18
5.138505239379171328e+18
5.142627836202626048e+18
5.146754211518333952e+18
5.150884527673783296e+18
5.155018688245009408e+18
5.159157143250933760e+18
5.163299675016802304e+18
5.167446464103964672e+18
5.171597414261770240e+18
5.175751999119001600e+18
5.179910708092239872e+18
5.184073207597552640e+18
5.188239681778418688e+18
5.192410646377193472e+18
5.196585591527299072e+18
5.200764860310017024e+18
5.204948205874586624e+18
5.209135241541760000e+18
5.213326400720596992e+18
5.217521420692811776e+18
5.221720631584518144e+18
5.225924203582806016e+18
5.230131930196524032e+18
5.234343952650986496e+18
5.238559862119560192e+18
5.242779752799275008e+18
5.247003603106115584e+18
5.251231425966455808e+18
5.255463749833812992e+18
5.259700145800329216e+18
5.263940950454062080e+18
5.268185999558732800e+18
5.272434734819180544e+18
5.276687716077969408e+18
5.280944592987681792e+18
5.285205595612800000e+18
5.289471164536761344e+18
5.293740845818119168e+18
5.298014941436787712e+18
5.302293152187986944e+18
5.306575213016229888e+18
5.310861450826005504e+18
5.315151669690402816e+18
5.319446265404710912e+18
5.323745233112394752e+18
5.328048537451260928e+18
5.332356213986096128e+18
5.336667781976155136e+18
5.340983554153519104e+18
5.345303303336323072e+18
5.349627154344365056e+18
5.353955691577154560e+18
5.358288363216739328e+18
5.362625550723785728e+18
5.366967044598786048e+18
5.371312342528901120e+18
5.375661974177000448e+18
5.380015614021573632e+18
5.384373545156608000e+18
5.388736099509641216e+18
5.393102917276064768e+18
5.397474237778525184e+18
5.401849702338832384e+18
5.406229202987964416e+18
5.410612919619769344e+18
5.415000745515726848e+18
5.419393149924984832e+18
5.423789915974240256e+18
5.428191221669685248e+18
5.432596973101487104e+18
5.437006619223690240e+18
5.441420668643169280e+18
5.445838772766693376e+18
5.450261122787088384e+18
5.454688264299201536e+18
5.459119659359438848e+18
5.463555670630792192e+18
5.467996041449997312e+18
5.472440358999889920e+18
5.476889084541848576e+18
5.481341938548800512e+18
5.485799264566459392e+18
5.490261250834503680e+18
5.494727671661765632e+18
5.499198681162958848e+18
5.503673853760788480e+18
5.508153275649400832e+18
5.512636937343529984e+18
5.517124844772962304e+18
5.521617548761219072e+18
5.526114611813746688e+18
5.530616379388521472e+18
5.535122683327512576e+18
5.539632933883490304e+18
5.544147720881799168e+18
5.548666675085327360e+18
5.553190035274747904e+18
5.557718270771378176e+18
5.562250899597978624e+18
5.566788242874355712e+18
5.571329989699244032e+18
5.575875851824563200e+18
5.580426182089554944e+18
5.584980769118358528e+18
5.589540024656637952e+18
5.594103956628324352e+18
5.598672515267478528e+18
5.603245745895847936e+18
5.607823148293245952e+18
5.612405036852664320e+18
5.616991182561650688e+18
5.621581714344586240e+18
5.626177241555903488e+18
5.630777191274404864e+18
5.635381963317907456e+18
5.639991340435828736e+18
5.644604788834148352e+18
5.649222869677884416e+18
5.653845238027695104e+18
5.658472187626594304e+18
5.663104076892951552e+18
5.667740519298783232e+18
5.672381772136306688e+18
5.677027462883446784e+18
5.681677464557223936e+18
5.686331979682657280e+18
5.690990888219819008e+18
5.695654678201299968e+18
5.700323138948255744e+18
5.704996440339861504e+18
5.709674494244314112e+18
5.714356724194589696e+18
5.719043656642634752e+18
5.723734927826274304e+18
5.728430735460761600e+18
5.733131658384575488e+18
5.737837127884467200e+18
5.742547528250913792e+18
5.747262593492122624e+18
5.751981880401041408e+18
5.756705882006583296e+18
5.761434299531362304e+18
5.766167489383791616e+18
5.770905662845891584e+18
5.775648570165396480e+18
5.780396381483121664e+18
5.785148654952828928e+18
5.789905463240124416e+18
5.794666814717016064e+18
5.799432704933303296e+18
5.804203706647477248e+18
5.808979378465098752e+18
5.813760071917280256e+18
5.818545616368840704e+18
5.823335387622110208e+18
5.828130007642283008e+18
5.832929086764857344e+18
5.837732871899354112e+18
5.842541865221886976e+18
5.847355553127236608e+18
5.852174278403389440e+18
5.856997718985937920e+18
5.861825558518510592e+18
5.866658180539182080e+18
5.871495355328901120e+18
5.876337510006005760e+18
5.881184670814729216e+18
5.886036768022572032e+18
5.890893860213848064e+18
5.895755428181872640e+18
5.900621783062513664e+18
5.905492697161251840e+18
5.910368303033076736e+18
5.915249234735979520e+18
5.920134899510331392e+18
5.925025716126916608e+18
5.929921460089607168e+18
5.934821562315465728e+18
5.939726618643896320e+18
5.944636262635883520e+18
5.949550798043955200e+18
5.954470614594493440e+18
5.959395294571136000e+18
5.964325116230435840e+18
5.969259693781140480e+18
5.974198875676991488e+18
5.979142892655315968e+18
5.984091608025606144e+18
5.989045528015529984e+18
5.994004454195720192e+18
5.998968542091593728e+18
6.003937713201375232e+18
6.008911364930054144e+18
6.013890039888817152e+18
6.018873359096227840e+18
6.023861526173728768e+18
6.028855156797186048e+18
6.033853648711650304e+18
6.038857409990520832e+18
6.043866165889426432e+18
6.048879438217510912e+18
6.053897755934844928e+18
6.058920798401209344e+18
6.063948934204756992e+18
6.068982403159289856e+18
6.074020926143544320e+18
6.079064692767565824e+18
6.084113245523702784e+18
6.089166637399202816e+18
6.094224900986402816e+18
6.099288017710625792e+18
6.104356581677175808e+18
6.109430152886996992e+18
6.114509085805558784e+18
6.119593208909746176e+18
6.124681860444223488e+18
6.129775696622843904e+18
6.134874305802611712e+18
6.139977942330710016e+18
6.145087145653644288e+18
6.150201366753139712e+18
6.155320972786405376e+18
6.160445631164943360e+18
6.165574992069879808e+18
6.170709474866315264e+18
6.175848828363904000e+18
6.180993494336716800e+18
6.186143523480154112e+18
6.191298819977253888e+18
6.196459459546685440e+18
6.201624904626387968e+18
6.206795454295314432e+18
6.211970895540125696e+18
6.217151354151270400e+18
6.222337491754449920e+18
6.227528697357207552e+18
6.232725409214176256e+18
6.237927396168302592e+18
6.243134049828546560e+18
6.248346003954955264e+18
6.253562868447176704e+18
6.258784956309051392e+18
6.264012693788717056e+18
6.269245627208207360e+18
6.274484059019744256e+18
6.279727590857181184e+18
6.284976040525275136e+18
6.290229673036413952e+18
6.295488331422680064e+18
6.300752539366067200e+18
6.306022117425029120e+18
6.311297199879674880e+18
6.316577722137072640e+18
6.321863057880742912e+18
6.327153754636013568e+18
6.332449427457225728e+18
6.337750282111942656e+18
6.343056974867572736e+18
6.348368867143171072e+18
6.353686393030464512e+18
6.359009269702683648e+18
6.364336979075467264e+18
6.369670090402290688e+18
6.375008258420003840e+18
6.380351863080120320e+18
6.385701178713483264e+18
6.391055891096208384e+18
6.396416213052490752e+18
6.401781672154192896e+18
6.407152294924700672e+18
6.412528145140641792e+18
6.417909185996041216e+18
6.423296032189317120e+18
6.428688251043599360e+18
6.434086196479494144e+18
6.439489695366155264e+18
6.444898052549587968e+18
6.450311953146570752e+18
6.455730964454787072e+18
6.461155347460687872e+18
6.466585683562682368e+18
6.472021384408027136e+18
6.477462844373088256e+18
6.482909721093838848e+18
6.488361625512817664e+18
6.493819018275954688e+18
6.499281623376913408e+18
6.504749896380266496e+18
6.510223919159989248e+18
6.515703563151851520e+18
6.521188925448483840e+18
6.526679450910840832e+18
6.532175417793938432e+18
6.537676639543951360e+18
6.543183226670423040e+18
6.548695870387182592e+18
6.554213943474478080e+18
6.559737904103901184e+18
6.565267515120503808e+18
6.570802124643033088e+18
6.576342407594438656e+18
6.581887948009902080e+18
6.587439067262821376e+18
6.592996233710051328e+18
6.598558952675887104e+18
6.604127554258908160e+18
6.609701628337264640e+18
6.615280955451148288e+18
6.620865841405643776e+18
6.626456105041775616e+18
6.632052286591946752e+18
6.637654233039560704e+18
6.643262049861854208e+18
6.648875691088290816e+18
6.654494509841211392e+18
6.660119044842114048e+18
6.665748916630617088e+18
6.671384328601203712e+18
6.677025981471755264e+18
6.682673197623962624e+18
6.688326439444228096e+18
6.693985416788827136e+18
6.699649566492783616e+18
6.705319502597651456e+18
6.710994852341629952e+18
6.716676006082973696e+18
6.722363279137412096e+18
6.728056316053143552e+18
6.733755356904155136e+18
6.739459915223244800e+18
6.745169983644959744e+18
6.750885664680604672e+18
6.756606898827714560e+18
6.762334320446059520e+18
6.768067510758182912e+18
6.773806819327825920e+18
6.779552069112801280e+18
6.785302540821849088e+18
6.791058937801792512e+18
6.796820808990090240e+18
6.802588421104732160e+18
6.808362402397824000e+18
6.814142121198031872e+18
6.819928002067331072e+18
6.825719693727049728e+18
6.831516761710966784e+18
6.837319713671193600e+18
6.843128245249451008e+18
6.848942824778685440e+18
6.854763572632571904e+18
6.860590320313814016e+18
6.866423190892197888e+18
6.872261612586319872e+18
6.878105834625930240e+18
6.883955705465159680e+18
6.889811315335471104e+18
6.895673385639957504e+18
6.901541275405036544e+18
6.907415463014695936e+18
6.913295706055403520e+18
6.919181304874370048e+18
6.925072978697260032e+18
6.930970283499321344e+18
6.936873548014054400e+18
6.942783288632052736e+18
6.948698964442529792e+18
6.954620936834682880e+18
6.960548784879645696e+18
6.966482244724664320e+18
6.972421669898684416e+18
6.978366850869570560e+18
6.984318343342460928e+18
6.990276028869548032e+18
6.996239975911212032e+18
7.002210162270372864e+18
7.008185921486194688e+18
7.014167776105470976e+18
7.020155356950955008e+18
7.026148862733237248e+18
7.032149042512446464e+18
7.038155177100707840e+18
7.044167759446664192e+18
7.050186492949935104e+18
7.056210763953348608e+18
7.062241235827680256e+18
7.068277505363427328e+18
7.074319972222750720e+18
7.080368999632158720e+18
7.086424184444113920e+18
7.092485798290275328e+18
7.098553341692716032e+18
7.104626765338366976e+18
7.110706218581731328e+18
7.116791614411684864e+18
7.122883605727017984e+18
7.128981794889844736e+18
7.135086522977987584e+18
7.141197609637976064e+18
7.147314312350481408e+18
7.153437350104500224e+18
7.159566253509395456e+18
7.165701293996930048e+18
7.171843151733706752e+18
7.177991147776841728e+18
7.184145739914209280e+18
7.190306568927076352e+18
7.196473148417947648e+18
7.202646038969260032e+18
7.208824904178646016e+18
7.215010223960383488e+18
7.221202165089296384e+18
7.227400511462676480e+18
7.233605417082869760e+18
7.239816294625149952e+18
7.246033355336076288e+18
7.252256491931650048e+18
7.258485768940950528e+18
7.264721938421920768e+18
7.270964348666251264e+18
7.277213498380455936e+18
7.283469140703725568e+18
7.289730523913344000e+18
7.295998414452062208e+18
7.302272338109443072e+18
7.308552629839168512e+18
7.314839860278580224e+18
7.321133436924404736e+18
7.327433756258840576e+18
7.333740387627606016e+18
7.340053015173756928e+18
7.346372047435544576e+18
7.352697242084816896e+18
7.359029169038038016e+18
7.365367753264830464e+18
7.371713017361292288e+18
7.378064968488698880e+18
7.384422921763225600e+18
7.390787375457585152e+18
7.397157975871119360e+18
7.403534914603143168e+18
7.409918992889451520e+18
7.416309447750933504e+18
7.422706804894545920e+18
7.429110762216147968e+18
7.435520650000802816e+18
7.441937185426816000e+18
7.448359931869037568e+18
7.454789297039689728e+18
7.461225699421548544e+18
7.467668681428795392e+18
7.474118550802929664e+18
7.480574796235905024e+18
7.487037317792407552e+18
7.493506320291764224e+18
7.499981684074958848e+18
7.506464079254644736e+18
7.512953141491447808e+18
7.519449186203525120e+18
7.525952043104608256e+18
7.532460943390944256e+18
7.538976618503828480e+18
7.545498581014707200e+18
7.552027105942467584e+18
7.558562930508367872e+18
7.565105324694352896e+18
7.571654782573116416e+18
7.578210938073949184e+18
7.584773246051575808e+18
7.591342326046364672e+18
7.597917805810378752e+18
7.604500175480173568e+18
7.611089656687153152e+18
7.617685977618273280e+18
7.624289328496019456e+18
7.630899107723309056e+18
7.637515478854104064e+18
7.644138388795210752e+18
7.650767870533998592e+18
7.657404705035025408e+18
7.664048239626739712e+18
7.670698987088168960e+18
7.677356699027015680e+18
7.684020567439200256e+18
7.690691408522030080e+18
7.697368715900171264e+18
7.704052829476100096e+18
7.710744380567133184e+18
7.717442719704427520e+18
7.724148282376352768e+18
7.730860629419533312e+18
7.737579384924607488e+18
7.744305019998104576e+18
7.751037254891241472e+18
7.757776672277252096e+18
7.764523250082675712e+18
7.771276955598205952e+18
7.778037831350132736e+18
7.784805175383518208e+18
7.791579452865272832e+18
7.798360331134040064e+18
7.805147992173174784e+18
7.811943293054955520e+18
7.818745425258627072e+18
7.825554949296125952e+18
7.832371558600471552e+18
7.839194521770982400e+18
7.846024614071726080e+18
7.852861362544335872e+18
7.859705181542685696e+18
7.866556552515671040e+18
7.873414956512134144e+18
7.880280742140590080e+18
7.887153387599716352e+18
7.894032733074319360e+18
7.900919047917672448e+18
7.907812174387175424e+18
7.914712798269775872e+18
7.921620604688571392e+18
7.928535855946292224e+18
7.935458415239436288e+18
7.942387481410918400e+18
7.949323794460667904e+18
7.956266849540583424e+18
7.963216924024543232e+18
7.970174817306133504e+18
7.977139744784702464e+18
7.984112239825196032e+18
7.991091930704197632e+18
7.998078206496780288e+18
8.005071751710044160e+18
8.012072154400703488e+18
8.019079913390751744e+18
8.026095314135161856e+18
8.033118020648294400e+18
8.040148264961771520e+18
8.047185432655241216e+18
8.054229629148488704e+18
8.061280866093368320e+18
8.068339138703124480e+18
8.075405246938817536e+18
8.082478571497714688e+18
8.089559608846898176e+18
8.096648119975205888e+18
8.103743236602616832e+18
8.110845826655962112e+18
8.117955349857346560e+18
8.125072149656125440e+18
8.132196924614075392e+18
8.139328963040114688e+18
8.146468743391142912e+18
8.153615819345612800e+18
8.160769746521597952e+18
8.167931066320028672e+18
8.175099456797277184e+18
8.182275511727441920e+18
8.189459272195505152e+18
8.196650640211622912e+18
8.203849700073618432e+18
8.211055734307622912e+18
8.218269165086487552e+18
8.225489687674357760e+18
8.232717482692330496e+18
8.239953431391760384e+18
8.247196713962544128e+18
8.254447915744169984e+18
8.261706726828383232e+18
8.268972348554956800e+18
8.276245618181729280e+18
8.283526023636312064e+18
8.290813984349911040e+18
8.298110052736032768e+18
8.305413641483354112e+18
8.312725144976762880e+18
8.320044032417077248e+18
8.327370074319446016e+18
8.334703613997554688e+18
8.342044449936541696e+18
8.349393281832776704e+18
8.356749855681945600e+18
8.364114369209477120e+18
8.371486726302213120e+18
8.378866095526971392e+18
8.386253213628691456e+18
8.393647566468081664e+18
8.401049430076596224e+18
8.408459670987243520e+18
8.415877446985882624e+18
8.423303333598512128e+18
8.430736954754260992e+18
8.438177626604039168e+18
8.445626104457726976e+18
8.453081932856110080e+18
8.460545617588050944e+18
8.468017517348786176e+18
8.475497223261427712e+18
8.482985015013324800e+18
8.490480266992637952e+18
8.497983015347813376e+18
8.505493347581990912e+18
8.513011214542982144e+18
8.520537433325609984e+18
8.528071428215591936e+18
8.535613673557869568e+18
8.543163938183537664e+18
8.550721302434930688e+18
8.558286674640009216e+18
8.565859483409873920e+18
8.573440074212112384e+18
8.581029219434214400e+18
8.588626140187537408e+18
8.596231361830582272e+18
8.603844432366542848e+18
8.611464830237182976e+18
8.619093174893473792e+18
8.626729097341947904e+18
8.634373200593558528e+18
8.642025599707785216e+18
8.649686120989629440e+18
8.657354897280381952e+18
8.665031197346779136e+18
8.672715376188096512e+18
8.680407204916596736e+18
8.688106820244123648e+18
8.695815139274870784e+18
8.703531335834210304e+18
8.711256019825918976e+18
8.718988879191904256e+18
8.726729042639085568e+18
8.734477412747697152e+18
8.742233435794396160e+18
8.749997534568486912e+18
8.757770340634999808e+18
8.765551191408565248e+18
8.773340532042739712e+18
8.781137824394236928e+18
8.788942759060168704e+18
8.796755762978226176e+18
8.804576584978830336e+18
8.812405936668219392e+18
8.820243637107718144e+18
8.828089807336393728e+18
8.835944399614697472e+18
8.843806565786382336e+18
8.851676992947765248e+18
8.859555199930277888e+18
8.867441446428408832e+18
8.875336670771845120e+18
8.883239970798932992e+18
8.891151966818596864e+18
8.899072279815640064e+18
8.907000145891226624e+18
8.914936396628923392e+18
8.922880529360251904e+18
8.930833054938726400e+18
8.938794415080944640e+18
8.946764119175524352e+18
8.954742500610010112e+18
8.962728924398237696e+18
8.970723345642104832e+18
8.978725939252255744e+18
8.986736604810208256e+18
8.994756174420038656e+18
9.002784126934055936e+18
9.010820908505697280e+18
9.018866287520761856e+18
9.026919322507975680e+18
9.034980929716258816e+18
9.043050516632617984e+18
9.051128429094490112e+18
9.059215519768456192e+18
9.067310938078063616e+18
9.075415260088472576e+18
9.083528029736872960e+18
9.091648639417580544e+18
9.099777794242553856e+18
9.107915073320539136e+18
9.116061086822677504e+18
9.124216035143600128e+18
9.132379658123039744e+18
9.140552144233532416e+18
9.148732750454682624e+18
9.156921751331526656e+18
9.165119007254014976e+18
9.173324603116685312e+18
9.181539491808709632e+18
9.189762846382982144e+18
9.197995300712544256e+18
9.206236541835730944e+18
9.214485620835515392e+18
9.222743508108973056e+18
9.231009606119774208e+18
9.239284339145328640e+18
9.247568426148100096e+18
9.255861122622124032e+18
9.264162929476079616e+18
9.272473303031801856e+18
9.280791843361357824e+18
9.289119070771546112e+18
9.297454678439616512e+18
9.305799387639658496e+18
9.314153103420950528e+18
9.322515857475637248e+18
9.330887658557618176e+18
9.339267643905810432e+18
9.347656438774974464e+18
9.356053602542829568e+18
9.364459375267960832e+18
9.372874771228364800e+18
9.381298826944712704e+18
9.389732209751209984e+18
9.398174539176871936e+18
9.406624964332480512e+18
9.415084397944545280e+18
9.423552286690134016e+18
9.432029144402782208e+18
9.440515505852340224e+18
9.449010789893273600e+18
9.457515389777463296e+18
9.466028663146719232e+18
9.474550471726536704e+18
9.483081089704974336e+18
9.491620358253985792e+18
9.500169122089881600e+18
9.508726934236870656e+18
9.517294182687354880e+18
9.525870659949074432e+18
9.534455397384069120e+18
9.543049313119639552e+18
9.551651794898323456e+18
9.560263187170416640e+18
9.568884429026772992e+18
9.577514594447316992e+18
9.586154313758427136e+18
9.594803128557404160e+18
9.603460336302036992e+18
9.612126735013535744e+18
9.620801847173101568e+18
9.629486287820517376e+18
9.638180354493804544e+18
9.646883689621305344e+18
9.655596544642889728e+18
9.664318166938632192e+18
9.673048736563247104e+18
9.681788217165815808e+18
9.690536633543483392e+18
9.699294966770565120e+18
9.708062417290319872e+18
9.716839620345174016e+18
9.725626270507788288e+18
9.734421336851386368e+18
9.743225858941530112e+18
9.752039193801375744e+18
9.760861765183696896e+18
9.769694387589011456e+18
9.778536228442546176e+18
9.787387849276803072e+18
9.796248702836834304e+18
9.805118287836481536e+18
9.813997227580067840e+18
9.822885153577250816e+18
9.831782794280366080e+18
9.840690154298232832e+18
9.849607162893682688e+18
9.858533893814302720e+18
9.867469472058681344e+18
9.876414448066758656e+18
9.885368429591107584e+18
9.894331640159651840e+18
9.903305154535092224e+18
9.912287966706219008e+18
9.921280786443954176e+18
9.930283233378478080e+18
9.939294363080912896e+18
9.948315173398532096e+18
9.957345057306333184e+18
9.966384529355476992e+18
9.975434227504340992e+18
9.984493471529035776e+18
9.993562720728643584e+18
1.000264132755682509e+19
1.001172904759267942e+19
1.002082626630771302e+19
1.002993275916757811e+19
1.003904938082260787e+19
1.004817578448527360e+19
1.005731225268903526e+19
1.006645864381113139e+19
1.007561395150956544e+19
1.008477908850788557e+19
1.009395342487533773e+19
1.010313730182560154e+19
1.011233175048807834e+19
1.012153576668069478e+19
1.013075003814465741e+19
1.013997410596616602e+19
1.014920716394860339e+19
1.015845010963856998e+19
1.016770240441604710e+19
1.017696466568457626e+19
1.018623730025155584e+19
1.019551984219356160e+19
1.020481261341275750e+19
1.021411485409237606e+19
1.022342663510093824e+19
1.023274803772400435e+19
1.024207901808642458e+19
1.025142057042502451e+19
1.026077197289999360e+19
1.027013381796951654e+19
1.027950582218006118e+19
1.028888687199928525e+19
1.029827807308582912e+19
1.030767873709316301e+19
1.031708928510654464e+19
1.032651063499440333e+19
1.033594186074698752e+19
1.034538358913215283e+19
1.035483527141419008e+19
1.036429629406005453e+19
1.037376739263470797e+19
1.038324813107674112e+19
1.039273924227714253e+19
1.040224084451393126e+19
1.041175275128725504e+19
1.042127511014148710e+19
1.043080703644850995e+19
1.044034897772433818e+19
1.044990064134050611e+19
1.045946220263512883e+19
1.046903476993901363e+19
1.047861734000974029e+19
1.048821065144957747e+19
1.049781432559221965e+19
1.050742731856562381e+19
1.051705071607295590e+19
1.052668385491870515e+19
1.053632724794081690e+19
1.054598164633724109e+19
1.055564626278035251e+19
1.056532162869021901e+19
1.057500709369014067e+19
1.058470229415453901e+19
1.059440773875373261e+19
1.060412312991164621e+19
1.061384932924730573e+19
1.062358610624401613e+19
1.063333362225715405e+19
1.064309181163830477e+19
1.065285965182228685e+19
1.066263797882937958e+19
1.067242621054901453e+19
1.068222466217999974e+19
1.069203446170122240e+19
1.070185452545357210e+19
1.071168560116209664e+19
1.072152723131373978e+19
1.073137849774674330e+19
1.074124040318654669e+19
1.075111234386496717e+19
1.076099493683655066e+19
1.077088871045293670e+19
1.078079307974623232e+19
1.079070844461931930e+19
1.080063404067206758e+19
1.081056981436308070e+19
1.082051597918373478e+19
1.083047241381912576e+19
1.084044012248743117e+19
1.085041847566619648e+19
1.086040801525775155e+19
1.087040846082098995e+19
1.088041867976204288e+19
1.089043977586475008e+19
1.090047103742050304e+19
1.091051288059271782e+19
1.092056633388249088e+19
1.093063037360637133e+19
1.094070569595013120e+19
1.095079175291486822e+19
1.096088780799335834e+19
1.097099471760066560e+19
1.098111197246988493e+19
1.099124030694318899e+19
1.100137996746584474e+19
1.101153063841089331e+19
1.102169255012260250e+19
1.103186481120826163e+19
1.104204774144544358e+19
1.105224118734636851e+19
1.106244524356116275e+19
1.107266105856948019e+19
1.108288764054388736e+19
1.109312575527116800e+19
1.110337502740639130e+19
1.111363430868767130e+19
1.112390477374221517e+19
1.113418570153522995e+19
1.114447760060687770e+19
1.115478134512607846e+19
1.116509603347903283e+19
1.117542227501203046e+19
1.118575941903690138e+19
1.119610696957317939e+19
1.120646557002968064e+19
1.121683484255988941e+19
1.122721565249718272e+19
1.123760790231317504e+19
1.124801161614787379e+19
1.125842681479341466e+19
1.126885246628479181e+19
1.127928930264610611e+19
1.128973681042911437e+19
1.130019527122524774e+19
1.131066591353975398e+19
1.132114757476431667e+19
1.133164106436987494e+19
1.134214592821233459e+19
1.135266112855284326e+19
1.136318777758466048e+19
1.137372520297903104e+19
1.138427401853182157e+19
1.139483488634710016e+19
1.140540709226938573e+19
1.141599112163740877e+19
1.142658620828254413e+19
1.143719215867748147e+19
1.144780933302006784e+19
1.145843752372762624e+19
1.146907774148741939e+19
1.147972947959527219e+19
1.149039317597598925e+19
1.150106859984046899e+19
1.151175458846918451e+19
1.152245223429798707e+19
1.153316080517193114e+19
1.154388070999236608e+19
1.155461309428086784e+19
1.156535683398713344e+19
1.157611269825854259e+19
1.158688014214906470e+19
1.159765829588249190e+19
1.160844814426115277e+19
1.161924909964273254e+19
1.163006189459173171e+19
1.164088691841261363e+19
1.165172371323385446e+19
1.166257260126992998e+19
1.167343268746854810e+19
1.168430414586732544e+19
1.169518697958745293e+19
1.170608119216121446e+19
1.171698795467887002e+19
1.172790634520140186e+19
1.173883710596804608e+19
1.174977988260970291e+19
1.176073341886200013e+19
1.177169897716838605e+19
1.178267577805082419e+19
1.179366432303503360e+19
1.180466561838083277e+19
1.181567864224430899e+19
1.182670408723771392e+19
1.183774130502200730e+19
1.184878965426965094e+19
1.185984992393765274e+19
1.187092164896918118e+19
1.188200569487098880e+19
1.189310211428233011e+19
1.190421077802612736e+19
1.191533180404353434e+19
1.192646415435787264e+19
1.193760843900528230e+19
1.194876422634632192e+19
1.195993177397244109e+19
1.197111236463116288e+19
1.198230480924012339e+19
1.199350996317698662e+19
1.200472737765676237e+19
1.201595588880706970e+19
1.202719672072745165e+19
1.203844913000355635e+19
1.204971372408338432e+19
1.206099131069387776e+19
1.207228103727028634e+19
1.208358348173576806e+19
1.209489787915436032e+19
1.210622388031174042e+19
1.211756200621519053e+19
1.212891195429421466e+19
1.214027473785994650e+19
1.215165000575604122e+19
1.216303803364947354e+19
1.217443869193877709e+19
1.218585078501859328e+19
1.219727535515276698e+19
1.220871168127933645e+19
1.222016015348875878e+19
1.223162203945451110e+19
1.224309611411501056e+19
1.225458322222902886e+19
1.226608282428726682e+19
1.227759390771765862e+19
1.228911759173301862e+19
1.230065320584946688e+19
1.231220147739690803e+19
1.232376295317550694e+19
1.233533702054597837e+19
1.234692410256133530e+19
1.235852330384633856e+19
1.237013463428073677e+19
1.238175827100837274e+19
1.239339411593473843e+19
1.240504334575478989e+19
1.241670516493009101e+19
1.242838024417623654e+19
1.244006825071323955e+19
1.245176786549493760e+19
1.246348038784469402e+19
1.247520499630161306e+19
1.248694218255794995e+19
1.249869309311426560e+19
1.251045658167078093e+19
1.252223342873861939e+19
1.253402299110348800e+19
1.254582446956946637e+19
1.255763880828532122e+19
1.256946544855828070e+19
1.258130525224941158e+19
1.259315843958060032e+19
1.260502471221269914e+19
1.261690429603267994e+19
1.262879615071862374e+19
1.264070071568440730e+19
1.265261774432229786e+19
1.266454738718214758e+19
1.267649097198890394e+19
1.268844732971663360e+19
1.270041734739421184e+19
1.271240058356344013e+19
1.272439574315132518e+19
1.273640416216740659e+19
1.274842502477878272e+19
1.276045892884217242e+19
1.277250683890359296e+19
1.278456775614375526e+19
1.279664235770537370e+19
1.280872988304960307e+19
1.282082981173851136e+19
1.283294283888519578e+19
1.284506855852947661e+19
1.285720798243182387e+19
1.286936093518625382e+19
1.288152751101840589e+19
1.289370769414644941e+19
1.290590028410194944e+19
1.291810618115642573e+19
1.293032475908980326e+19
1.294255636068786586e+19
1.295480237919245722e+19
1.296706149053736550e+19
1.297933461654115328e+19
1.299162122554262323e+19
1.300392015382619750e+19
1.301623265896552858e+19
1.302855798416372531e+19
1.304089684785147494e+19
1.305324996859251302e+19
1.306561656747974246e+19
1.307799717705926042e+19
1.309039090518271795e+19
1.310279757900212224e+19
1.311521756666226483e+19
1.312765065804897280e+19
1.314009803093970330e+19
1.315255904170683802e+19
1.316503425946295091e+19
1.317752337995289190e+19
1.319002506518282854e+19
1.320254059365648998e+19
1.321506912123748557e+19
1.322761112690297037e+19
1.324016790413732250e+19
1.325273818025509069e+19
1.326532282729937715e+19
1.327792121003504435e+19
1.329053235973504819e+19
1.330315738368536371e+19
1.331579562392186266e+19
1.332844793457851392e+19
1.334111472082147738e+19
1.335379549996271411e+19
1.336649061652419584e+19
1.337919903176954470e+19
1.339192099287302758e+19
1.340465645894418227e+19
1.341740546109453107e+19
1.343016936001693286e+19
1.344294704908578816e+19
1.345573941431486259e+19
1.346854603309863731e+19
1.348136547610948403e+19
1.349419918813685350e+19
1.350704628115403366e+19
1.351990734006372762e+19
1.353278349633929011e+19
1.354567359899003085e+19
1.355857843022177690e+19
1.357149723718905037e+19
1.358442931322075955e+19
1.359737553952183706e+19
1.361033539891932774e+19
1.362330989713013965e+19
1.363629905497297510e+19
1.364930276632992154e+19
1.366232114197585715e+19
1.367535298088561050e+19
1.368839902099273318e+19
1.370145874234421862e+19
1.371453244866725888e+19
1.372762162385606451e+19
1.374072488628152525e+19
1.375384322267834368e+19
1.376697611162059571e+19
1.378012223158116352e+19
1.379328297969950925e+19
1.380645751073981645e+19
1.381964653039153971e+19
1.383285094249141658e+19
1.384606979191259136e+19
1.385930372877254656e+19
1.387255186788575027e+19
1.388581383529165414e+19
1.389909020620465971e+19
1.391238064845834445e+19
1.392568633601438310e+19
1.393900683070654669e+19
1.395234248755814810e+19
1.396569313547866931e+19
1.397905739470098637e+19
1.399243649259849728e+19
1.400582958355107840e+19
1.401923712579970458e+19
1.403266056462017536e+19
1.404609850200057446e+19
1.405955190379479245e+19
1.407302014563293594e+19
1.408650207892863386e+19
1.409999897970744525e+19
1.411351008622459085e+19
1.412703624056812134e+19
1.414057804979232563e+19
1.415413483282806170e+19
1.416770706316798976e+19
1.418129370783414272e+19
1.419489479997531546e+19
1.420851052460849562e+19
1.422214078114480947e+19
1.423578692926800077e+19
1.424944803239007437e+19
1.426312487850720870e+19
1.427681708118839091e+19
1.429052312142186086e+19
1.430424450069815706e+19
1.431798027600981402e+19
1.433173101586999501e+19
1.434549802719492506e+19
1.435928000350042112e+19
1.437307783676862669e+19
1.438689078523287552e+19
1.440071794195660800e+19
1.441456038429632102e+19
1.442841747694211482e+19
1.444229021477513421e+19
1.445617883524748902e+19
1.447008301374337024e+19
1.448400300020794368e+19
1.449793759766524928e+19
1.451188732468042957e+19
1.452585188737944986e+19
1.453983146578090394e+19
1.455382758772554752e+19
1.456783890485719450e+19
1.458186643961473024e+19
1.459590968310555853e+19
1.460996715160771174e+19
1.462404037947994726e+19
1.463812843268928922e+19
1.465223200020557414e+19
1.466635218341007770e+19
1.468048784319037440e+19
1.469463975441526579e+19
1.470880704274656256e+19
1.472298911533370573e+19
1.473718676903487283e+19
1.475139954026238771e+19
1.476562859390124646e+19
1.477987372114709299e+19
1.479413504061895680e+19
1.480841252930109440e+19
1.482270480922946765e+19
1.483701291735102259e+19
1.485133613578249421e+19
1.486567485868855296e+19
1.488003068537215590e+19
1.489440209736985395e+19
1.490879015484578611e+19
1.492319424715271782e+19
1.493761303743059968e+19
1.495204797292656845e+19
1.496649818513816371e+19
1.498096449958680166e+19
1.499544774128835379e+19
1.500994701852326502e+19
1.502446294343223091e+19
1.503899449317795840e+19
1.505354146532335616e+19
1.506810428993547264e+19
1.508268272288287130e+19
1.509727811711628698e+19
1.511188973691950285e+19
1.512651823550522982e+19
1.514116326488382874e+19
1.515582329066756096e+19
1.517049977887894323e+19
1.518519176296821350e+19
1.519989979161131622e+19
1.521462535347849421e+19
1.522936698666404659e+19
1.524412569610016358e+19
1.525890075451825357e+19
1.527369104221365043e+19
1.528849784008100659e+19
1.530332038903741645e+19
1.531815966806700851e+19
1.533301615117326541e+19
1.534788927841286758e+19
1.536277945110497075e+19
1.537768548120094720e+19
1.539260763706784358e+19
1.540754589102655488e+19
1.542250026869105459e+19
1.543747233002687898e+19
1.545246081826078925e+19
1.546746674527991808e+19
1.548248963040010035e+19
1.549752782633346867e+19
1.551258299779897549e+19
1.552765412388007322e+19
1.554274187276711322e+19
1.555784755383426662e+19
1.557296983917417882e+19
1.558810963429641216e+19
1.560326607969264845e+19
1.561843834697657958e+19
1.563362746701510656e+19
1.564883283646528512e+19
1.566405560553605530e+19
1.567929581858760704e+19
1.569455333639102259e+19
1.570982829876228915e+19
1.572511933491150643e+19
1.574042726728489574e+19
1.575575151870456218e+19
1.577109243341598310e+19
1.578645171011509453e+19
1.580182777309723853e+19
1.581722175720239104e+19
1.583263306825866445e+19
1.584806017533308518e+19
1.586350469532414157e+19
1.587896565201509990e+19
1.589444384968741683e+19
1.590994034596341146e+19
1.592545402870632858e+19
1.594098565734974874e+19
1.595653422374388941e+19
1.597209926902488678e+19
1.598768148572376883e+19
1.600328047509750170e+19
1.601889757722994688e+19
1.603453232404806656e+19
1.605018509073086259e+19
1.606585570220736512e+19
1.608154258656421683e+19
1.609724711384819507e+19
1.611296834308959437e+19
1.612870678616912282e+19
1.614446411688158208e+19
1.616023872232090214e+19
1.617603172151149568e+19
1.619184240506473062e+19
1.620766943020826624e+19
1.622351428518763110e+19
1.623937608327014195e+19
1.625525578225531494e+19
1.627115411159680205e+19
1.628707026122588774e+19
1.630300479527417242e+19
1.631895653973152973e+19
1.633492548768160973e+19
1.635091190017130701e+19
1.636691563456991027e+19
1.638293824041210880e+19
1.639897868569324749e+19
1.641503785176155136e+19
1.643111529935083520e+19
1.644720929834149478e+19
1.646332155307628954e+19
1.647945098661507482e+19
1.649559824229870797e+19
1.651176484540980019e+19
1.652794927831853670e+19
1.654415258129931674e+19
1.656037391368900403e+19
1.657661219669526733e+19
1.659286870448140288e+19
1.660914268710346138e+19
1.662543527419303117e+19
1.664174678648170291e+19
1.665807680699283456e+19
1.667442565264282419e+19
1.669079196549053850e+19
1.670717627739962163e+19
1.672357831972897792e+19
1.673999826024263270e+19
1.675643784900272128e+19
1.677289556336868557e+19
1.678937257661758669e+19
1.680586831360615424e+19
1.682238104698790298e+19
1.683891255657792512e+19
1.685546176009287270e+19
1.687202943581324288e+19
1.688861688650338918e+19
1.690522277323882086e+19
1.692184800990215168e+19
1.693849160768269926e+19
1.695515283178110566e+19
1.697183265204491878e+19
1.698853050525715456e+19
1.700524771212102861e+19
1.702198409977322906e+19
1.703873974028964250e+19
1.705551464865153638e+19
1.707230726402812109e+19
1.708911870556223283e+19
1.710594820024706458e+19
1.712279617615588147e+19
1.713966449175530906e+19
1.715655139304552858e+19
1.717345811166466458e+19
1.719038395935962317e+19
1.720732736300873728e+19
1.722429001736655872e+19
1.724127090649953485e+19
1.725827096156750848e+19
1.727529118470275277e+19
1.729233050380540723e+19
1.730938965605638144e+19
1.732646748677422899e+19
1.734356368954693427e+19
1.736067883465172992e+19
1.737781259828842496e+19
1.739496651243697152e+19
1.741213982125665075e+19
1.742933318699092378e+19
1.744654626503536230e+19
1.746377730180913766e+19
1.748102794403002163e+19
1.749829709301362278e+19
1.751558536326181683e+19
1.753289450049342054e+19
1.755022280141648282e+19
1.756757144285821133e+19
1.758493960696471347e+19
1.760232595222773965e+19
1.761973200127058125e+19
1.763715685273861120e+19
1.765460160953453978e+19
1.767206689075345613e+19
1.768955198414011392e+19
1.770705739707598029e+19
1.772458179039890842e+19
1.774212537505520845e+19
1.775968822125103718e+19
1.777727030016719872e+19
1.779487337627258061e+19
1.781249610111423693e+19
1.783013958023389389e+19
1.784780329233483981e+19
1.786548531578493338e+19
1.788318758009410355e+19
1.790090890186006733e+19
1.791865002859795046e+19
1.793641251781457510e+19
1.795419480189737984e+19
1.797199795429348966e+19
1.798982101020974285e+19
1.800766294148767744e+19
1.802552500657126400e+19
1.804340646964225843e+19
1.806130862517414912e+19
1.807923162233709363e+19
1.809717520686046618e+19
1.811513960031587533e+19
1.813312325952606208e+19
1.815112700654687437e+19
1.816915030553103360e+19
1.818719348120724275e+19
1.820525847411087770e+19
1.822334352156369920e+19
1.824144992445809869e+19
1.825957701869453926e+19
1.827772299751926374e+19
1.829588975540887347e+19
1.831407614868170138e+19
1.833228307631251251e+19
1.835051182787583795e+19
1.836876106126673510e+19
1.838703169521881907e+19
1.840532259977701581e+19
1.842363314641292902e+19
1.844196423213900186e+19
1.846031534048309658e+19
1.847868797832345190e+19
1.849708173333599846e+19
1.851549691272302592e+19
1.853393339319327130e+19
1.855238940705585562e+19
1.857086639812551066e+19
1.858936337707540890e+19
1.860788088614629376e+19
1.862642089160830157e+19
1.864498151487212749e+19
1.866356406808596890e+19
1.868216776001309082e+19
1.870079097762960589e+19
1.871943549180186214e+19
1.873810024765007872e+19
1.875678631501682278e+19
1.877549463137600717e+19
1.879422417503514624e+19
1.881297565579100979e+19
1.883174775938168422e+19
1.885054034793763635e+19
1.886935385434824294e+19
1.888818803827716915e+19
1.890704464089143296e+19
1.892592260572668723e+19
1.894482286909562061e+19
1.896374494205020160e+19
1.898268687647393792e+19
1.900165057029498470e+19
1.902063480139897242e+19
1.903964028187503821e+19
1.905866882964242432e+19
1.907771865225454387e+19
1.909679098513381376e+19
1.911588489211096678e+19
1.913499903724686541e+19
1.915413497406871962e+19
1.917329178840428134e+19
1.919247074137576243e+19
1.921167232954038272e+19
1.923089595182863155e+19
1.925014205185733837e+19
1.926940911095059661e+19
1.928869757788763341e+19
1.930800731305790259e+19
1.932733841216504627e+19
1.934669286963370394e+19
1.936606900500023706e+19
1.938546815754556621e+19
1.940488968996740710e+19
1.942433156377069568e+19
1.944379585888696730e+19
1.946328130915080192e+19
1.948278877581665485e+19
1.950231984723601818e+19
1.952187290850649702e+19
1.954144906604056576e+19
1.956104722002225971e+19
1.958066639966037606e+19
1.960030784202593894e+19
1.961997082851282944e+19
1.963965683298268365e+19
1.965936581740402278e+19
1.967909770708528333e+19
1.969885261906399642e+19
1.971862880913980621e+19
1.973842739631686861e+19
1.975824760695715430e+19
1.977808988317153280e+19
1.979795638896494182e+19
1.981784510597757747e+19
1.983775747084686950e+19
1.985769272247414784e+19
1.987764897217407795e+19
1.989762823195727872e+19
1.991762929478902989e+19
1.993765319103321702e+19
1.995770119365083955e+19
1.997777196193869414e+19
1.999786641802295296e+19
2.001798327876798874e+19
2.003812203151572992e+19
2.005828349212939469e+19
2.007846719551497011e+19
2.009867485082696090e+19
2.011890578670014464e+19
2.013916056636914074e+19
2.015943891659516314e+19
2.017973884549637734e+19
2.020006214771523174e+19
2.022040759858170675e+19
2.024077586609993728e+19
2.026116902914759475e+19
2.028158508158205952e+19
2.030202541971144704e+19
2.032248914040022221e+19
2.034297458961970790e+19
2.036348361620955955e+19
2.038401512503418880e+19
2.040457033655529062e+19
2.042515011770585498e+19
2.044575350413008486e+19
2.046638117526281011e+19
2.048703164397543834e+19
2.050770495387261747e+19
2.052840138896701440e+19
2.054912079884976128e+19
2.056986515166299750e+19
2.059063309473606451e+19
2.061142577861445222e+19
2.063224264085642445e+19
2.065308149629178675e+19
2.067394451013888410e+19
2.069483032931774464e+19
2.071573977196425216e+19
2.073667473195117773e+19
2.075763332546272051e+19
2.077861684956463923e+19
2.079962423989002650e+19
2.082065416678763315e+19
2.084170821510306611e+19
2.086278545742267187e+19
2.088388732638488576e+19
2.090501418722505933e+19
2.092616555982505574e+19
2.094734181925271552e+19
2.096854125266937037e+19
2.098976456344863949e+19
2.101101138695138918e+19
2.103228195199948800e+19
2.105357846621781606e+19
2.107489900070626099e+19
2.109624503962735002e+19
2.111761585509369856e+19
2.113900928463601254e+19
2.116042756564257997e+19
2.118186934471906509e+19
2.120333560636447539e+19
2.122482797210016973e+19
2.124634477868224512e+19
2.126788716769105920e+19
2.128945389333791539e+19
2.131104404516669850e+19
2.133265883737532006e+19
2.135429756928973619e+19
2.137596190894241382e+19
2.139765161894264832e+19
2.141936681730230682e+19
2.144110750962799002e+19
2.146287173456520806e+19
2.148466090898182554e+19
2.150647406254414643e+19
2.152831173545963110e+19
2.155017626156210586e+19
2.157206544124976333e+19
2.159398082617762202e+19
2.161592155030313370e+19
2.163788563664819405e+19
2.165987522158664909e+19
2.168188903047405568e+19
2.170392823572601651e+19
2.172599409418349363e+19
2.174808526710040986e+19
2.177020268109097370e+19
2.179234488771493478e+19
2.181451149585829478e+19
2.183670323631924019e+19
2.185891969752186470e+19
2.188116280729854771e+19
2.190343161920892109e+19
2.192572696955981005e+19
2.194804842582970778e+19
2.197039378841259213e+19
2.199276512370637619e+19
2.201516105735470694e+19
2.203758235927269376e+19
2.206003122961563238e+19
2.208250552799585075e+19
2.210500674102645555e+19
2.212753384484970086e+19
2.215008513920718438e+19
2.217266255711679283e+19
2.219526495937073971e+19
2.221789372898886042e+19
2.224054966059275469e+19
2.226323184980102349e+19
2.228594094539537203e+19
2.230867527396932813e+19
2.233143506946972467e+19
2.235422046016527974e+19
2.237703138942958387e+19
2.239987007054125875e+19
2.242273483611670528e+19
2.244562706666514022e+19
2.246854611558332416e+19
2.249148955615227085e+19
2.251445982458638336e+19
2.253745543246902067e+19
2.256047731223127654e+19
2.258352744163459482e+19
2.260660383915154227e+19
2.262970786924643533e+19
2.265283832955280589e+19
2.267599389303295181e+19
2.269917618098087526e+19
2.272238424961458176e+19
2.274561971642970522e+19
2.276888281084349645e+19
2.279217317891842867e+19
2.281549112519656653e+19
2.283883472785858150e+19
2.286220495745510605e+19
2.288560121392670720e+19
2.290902386509946061e+19
2.293247534916517478e+19
2.295595347423574016e+19
2.297945987963512832e+19
2.300299373993292595e+19
2.302655275739092173e+19
2.305013933804867584e+19
2.307375203436917965e+19
2.309739196340260454e+19
2.312106078665074278e+19
2.314475678696123597e+19
2.316848114619582054e+19
2.319223246170656358e+19
2.321600988169274163e+19
2.323981460105043558e+19
2.326364593486732493e+19
2.328750576022312141e+19
2.331139363265239859e+19
2.333530987123576832e+19
2.335925436616682291e+19
2.338322492258541568e+19
2.340722327105846886e+19
2.343124823308166349e+19
2.345530046010445414e+19
2.347938245168024371e+19
2.350349183376103014e+19
2.352763027621509120e+19
2.355179680032169574e+19
2.357598932988319744e+19
2.360021013712445850e+19
2.362445787282078925e+19
2.364873386192276685e+19
2.367303935041879245e+19
2.369737299718651494e+19
2.372173573752962662e+19
2.374612594561950515e+19
2.377054335267692134e+19
2.379498860592823910e+19
2.381946134638847590e+19
2.384396373712082125e+19
2.386849454514882560e+19
2.389305489193450291e+19
2.391764417934508032e+19
2.394225998804665549e+19
2.396690465816045978e+19
2.399157666947509453e+19
2.401627689652284211e+19
2.404100767396237312e+19
2.406576671610487194e+19
2.409055560894822400e+19
2.411537319930318438e+19
2.414021773052041216e+19
2.416509123114824090e+19
2.418999251111697613e+19
2.421492312778949018e+19
2.423988380675240755e+19
2.426487370099100058e+19
2.428989343163291648e+19
2.431494112559341158e+19
2.434001721093118771e+19
2.436512165902971699e+19
2.439025450766791475e+19
2.441541823363989914e+19
2.444061084010144563e+19
2.446583395088720282e+19
2.449108680281525043e+19
2.451636678853409587e+19
2.454167655332245914e+19
2.456701448983096115e+19
2.459238165267125862e+19
2.461778011638684467e+19
2.464320779053046579e+19
2.466866611592380416e+19
2.469415374261136179e+19
2.471966933720085299e+19
2.474521456818897715e+19
2.477078846907223654e+19
2.479639285542328320e+19
2.482202782164624998e+19
2.484769313962978509e+19
2.487338904487622246e+19
2.489911339174170214e+19
2.492486742524635546e+19
2.495065030553895731e+19
2.497646254195079578e+19
2.500230682223760589e+19
2.502818067678937088e+19
2.505408591189720678e+19
2.508002159794896896e+19
2.510598528576475955e+19
2.513197956601602458e+19
2.515800288728460493e+19
2.518405650811686502e+19
2.521014214215512064e+19
2.523625800741467341e+19
2.526240533461769421e+19
2.528858255357568205e+19
2.531478886382755021e+19
2.534102545062601933e+19
2.536729163917909606e+19
2.539358953040963994e+19
2.541991847059775078e+19
2.544627898235624243e+19
2.547267084010659840e+19
2.549909159906173747e+19
2.552554331484350874e+19
2.555202459265561805e+19
2.557853620066813133e+19
2.560508082212771840e+19
2.563165589363574784e+19
2.565826321530056294e+19
2.568490168832843366e+19
2.571156912101825741e+19
2.573826793833487565e+19
2.576499670635011277e+19
2.579175691267824435e+19
2.581854980345131008e+19
2.584537402500092314e+19
2.587223052924161229e+19
2.589911750106443366e+19
2.592603478885387059e+19
2.595298296429185024e+19
2.597996171635021005e+19
2.600697345984458752e+19
2.603401669712417178e+19
2.606109275796784742e+19
2.608820095879627571e+19
2.611533861506287206e+19
2.614250835533592166e+19
2.616970850355526861e+19
2.619694004529195418e+19
2.622420546823109018e+19
2.625150232529696358e+19
2.627883231435819418e+19
2.630619414463931597e+19
2.633358598711162470e+19
2.636100998321558733e+19
2.638846488175277261e+19
2.641595242587406746e+19
2.644347328150031974e+19
2.647102665007427994e+19
2.649861313203354829e+19
2.652623064138665165e+19
2.655387979780584243e+19
2.658156042161027891e+19
2.660927264167496499e+19
2.663701920940784026e+19
2.666479781046252339e+19
2.669261030042739917e+19
2.672045580184175821e+19
2.674833150602249830e+19
2.677624028664905728e+19
2.680418040550172672e+19
2.683215304671869747e+19
2.686016040031898010e+19
2.688820025007859712e+19
2.691627412587669094e+19
2.694438052094410752e+19
2.697251808027983872e+19
2.700068853694618010e+19
2.702889089156885299e+19
2.705712717069916979e+19
2.708539734097391206e+19
2.711370129300275200e+19
2.714203919893400371e+19
2.717040867460072243e+19
2.719881122344403354e+19
2.722724581918153523e+19
2.725571306064265626e+19
2.728421592263519437e+19
2.731275164318801920e+19
2.734132220900736205e+19
2.736992658011171635e+19
2.739856213409594982e+19
2.742723166766195507e+19
2.745593351256210227e+19
2.748466907723187405e+19
2.751344014590890394e+19
2.754224485459123814e+19
2.757108449551217050e+19
2.759995732063093555e+19
2.762886256677806490e+19
2.765780142641770496e+19
2.768677322512839475e+19
2.771578030218335027e+19
2.774482179919839642e+19
2.777389843760179200e+19
2.780300988010553344e+19
2.783215341568497254e+19
2.786133143075753574e+19
2.789054231026962432e+19
2.791978694226495078e+19
2.794906821711237939e+19
2.797838336220995174e+19
2.800773432341979955e+19
2.803711987496518451e+19
2.806653768715525734e+19
2.809599036075206246e+19
2.812547636338870682e+19
2.815499735491371418e+19
2.818455459937761690e+19
2.821414671353314509e+19
2.824377467822137754e+19
2.827343647752967373e+19
2.830313206467207578e+19
2.833286195158374810e+19
2.836262586614655386e+19
2.839242649119965184e+19
2.842226206615880499e+19
2.845213412628872397e+19
2.848204190576294707e+19
2.851198243476202291e+19
2.854195864473653248e+19
2.857196869266399232e+19
2.860201368086942925e+19
2.863209627466623386e+19
2.866221384380163686e+19
2.869236821440108544e+19
2.872255795036298854e+19
2.875278112750331494e+19
2.878304002443029709e+19
2.881333331453963059e+19
2.884366293765728256e+19
2.887402951665791795e+19
2.890443228507758592e+19
2.893487183433863168e+19
2.896534585267495731e+19
2.899585514129692262e+19
2.902639938360906547e+19
2.905697879156523008e+19
2.908759639277723238e+19
2.911824960121550029e+19
2.914894046101287731e+19
2.917966799429347738e+19
2.921042916470163866e+19
2.924122709878253978e+19
2.927205991239990886e+19
2.930292892582342656e+19
2.933383646993932288e+19
2.936478017943019930e+19
2.939576169024532890e+19
2.942677933011691110e+19
2.945783169981618586e+19
2.948892062198799974e+19
2.952004504983285760e+19
2.955120723323186381e+19
2.958240702600805581e+19
2.961364442235453440e+19
2.964491954176873267e+19
2.967622974720729088e+19
2.970757678895987917e+19
2.973895947920080896e+19
2.977037849304030003e+19
2.980183709981044326e+19
2.983333225032659763e+19
2.986486612045322650e+19
2.989643755424808550e+19
2.992804372793275597e+19
2.995968767166839603e+19
2.999136758383668838e+19
3.002308503038479565e+19
3.005484189191251968e+19
3.008663619800506368e+19
3.011846931977851699e+19
3.015033932158688461e+19
3.018224545557277082e+19
3.021418894665322086e+19
3.024616910623173018e+19
3.027818852590419149e+19
3.031024615536115302e+19
3.034234290153478554e+19
3.037447832480453427e+19
3.040664943192009933e+19
3.043885893893870797e+19
3.047110501162928947e+19
3.050338865828093952e+19
3.053571300594299699e+19
3.056807504750298317e+19
3.060047689399710106e+19
3.063291718640283238e+19
3.066539342746709197e+19
3.069790842373969920e+19
3.073046052660314931e+19
3.076305157691725005e+19
3.079568288234392781e+19
3.082835300506689536e+19
3.086106297229579878e+19
3.089381055636262912e+19
3.092659579449072845e+19
3.095941916377541837e+19
3.099228041678157005e+19
3.102518252013229261e+19
3.105812345638746931e+19
3.109110496703021875e+19
3.112412620008346010e+19
3.115718388276579123e+19
3.119028126311564083e+19
3.122341631895678976e+19
3.125659027416917606e+19
3.128980600317934387e+19
3.132306066440377549e+19
3.135635623301851955e+19
3.138969112054938829e+19
3.142306327707639808e+19
3.145647515048929280e+19
3.148992531993913754e+19
3.152341593200371302e+19
3.155694759164614656e+19
3.159051953943692902e+19
3.162413237498217677e+19
3.165778354845173760e+19
3.169147402349282509e+19
3.172520337056412058e+19
3.175897187112366080e+19
3.179278285096890778e+19
3.182663344285162701e+19
3.186052589434234470e+19
3.189445912280509645e+19
3.192842983162255770e+19
3.196244143018235494e+19
3.199649187000969626e+19
3.203058261314185626e+19
3.206471616436055654e+19
3.209888997866411622e+19
3.213310581999278490e+19
3.216736184263015219e+19
3.220165657198255718e+19
3.223599195403541709e+19
3.227036687496451686e+19
3.230478381951250022e+19
3.233924255274228941e+19
3.237374314786985165e+19
3.240828568836094362e+19
3.244286727052072141e+19
3.247748987944556544e+19
3.251215217392883712e+19
3.254685491493947392e+19
3.258160166205678797e+19
3.261638908942068122e+19
3.265121957111040410e+19
3.268609183038504141e+19
3.272100280682957210e+19
3.275595579807675187e+19
3.279094884864432538e+19
3.282598368859589018e+19
3.286106232904793702e+19
3.289618266059113677e+19
3.293134615600388506e+19
3.296655068305362125e+19
3.300179547799061299e+19
3.303708183306672947e+19
3.307240902543933440e+19
3.310777991217853645e+19
3.314319327345919181e+19
3.317865017826793882e+19
3.321415010032740352e+19
3.324968975397119181e+19
3.328527215973097472e+19
3.332089528697442714e+19
3.335656025612354355e+19
3.339227046724777984e+19
3.342802264752982426e+19
3.346381909691015578e+19
3.349965831768181146e+19
3.353553760747123917e+19
3.357146001626959462e+19
3.360742375686497485e+19
3.364343085884378317e+19
3.367948270830754611e+19
3.371557777878522266e+19
3.375171716720164454e+19
3.378789842398403379e+19
3.382412163962252902e+19
3.386038729181306061e+19
3.389669513757464166e+19
3.393304844226023014e+19
3.396944494590313677e+19
3.400588659202207334e+19
3.404237243933492429e+19
3.407889889446204621e+19
3.411546953442210611e+19
3.415208214472714650e+19
3.418873807446851584e+19
3.422544044635516518e+19
3.426218617235149619e+19
3.429897740238620262e+19
3.433581238945661747e+19
3.437268891846914867e+19
3.440960964745657549e+19
3.444657303737258394e+19
3.448358145052492186e+19
3.452063550897620582e+19
3.455773442526969856e+19
3.459487883079310950e+19
3.463206592618951475e+19
3.466929680783296922e+19
3.470657096862375117e+19
3.474388873947643494e+19
3.478125376780181914e+19
3.481866289756824781e+19
3.485611859606326886e+19
3.489361967237034803e+19
3.493116253022498406e+19
3.496875089759777587e+19
3.500638253967078195e+19
3.504405906466285158e+19
3.508178319287094477e+19
3.511955216096182272e+19
3.515736788829699686e+19
3.519522834871406592e+19
3.523313195138982298e+19
3.527108080924516352e+19
3.530907371613433446e+19
3.534711340206399488e+19
3.538519957799985562e+19
3.542333236071686554e+19
3.546151182115612262e+19
3.549973477603968205e+19
3.553800342388792115e+19
3.557631628474972570e+19
3.561467419926352282e+19
3.565308105673216410e+19
3.569153322278619955e+19
3.573003329522261197e+19
3.576857987258517094e+19
3.580716961472989594e+19
3.584580612780215910e+19
3.588448727769921126e+19
3.592321496391069286e+19
3.596199137172466074e+19
3.600081421100442829e+19
3.603968508508360704e+19
3.607860165717116518e+19
3.611756310582534963e+19
3.615657083644195635e+19
3.619562406558019584e+19
3.623472592778352640e+19
3.627387506745326387e+19
3.631307268038458982e+19
3.635231817669031936e+19
3.639160796110420787e+19
3.643094534710381773e+19
3.647032811394120909e+19
3.650975749016700928e+19
3.654923719258468352e+19
3.658876364528587162e+19
3.662833936551464141e+19
3.666796271245461914e+19
3.670763073218541978e+19
3.674734676410108314e+19
3.678710885509960909e+19
3.682691922984707686e+19
3.686677939812214374e+19
3.690668770046314086e+19
3.694664533357458227e+19
3.698664961689024102e+19
3.702670065196645581e+19
3.706679896455804518e+19
3.710694428904485683e+19
3.714714020328968192e+19
3.718738422884353638e+19
3.722767850137840845e+19
3.726802198802092032e+19
3.730841075754396058e+19
3.734884872627132006e+19
3.738933347348117094e+19
3.742986647573798093e+19
3.747045115164933325e+19
3.751108412413792256e+19
3.755176774896576102e+19
3.759250011554948710e+19
3.763327879427015475e+19
3.767410670376371814e+19
3.771498215718875955e+19
3.775590774013681664e+19
3.779688413809765581e+19
3.783791048917531034e+19
3.787898748745912320e+19
3.792011207370761011e+19
3.796128543499899699e+19
3.800250703516695757e+19
3.804377722708990362e+19
3.808510000454474138e+19
3.812647191796237926e+19
3.816789567187680461e+19
3.820936996454195200e+19
3.825089085342106419e+19
3.829246242662451610e+19
3.833408223729364992e+19
3.837575204274346394e+19
3.841747482993374003e+19
3.845924756979313869e+19
3.850107237063095910e+19
3.854294702003022234e+19
3.858486975910970982e+19
3.862684292222011802e+19
3.866886517925340774e+19
3.871093951440383181e+19
3.875306563142288179e+19
3.879524364273029939e+19
3.883747363817386803e+19
3.887975214310398362e+19
3.892208153717785395e+19
3.896446022375995802e+19
3.900688911331025715e+19
3.904937247094121267e+19
3.909190631711385190e+19
3.913449350297088000e+19
3.917713249951744000e+19
3.921981963533073613e+19
3.926255887340925747e+19
3.930534787178037248e+19
3.934818870306917581e+19
3.939108378100705690e+19
3.943403058293521613e+19
3.947703087845366989e+19
3.952008211951021261e+19
3.956318337315589325e+19
3.960633621594748518e+19
3.964953977044831437e+19
3.969279745914854605e+19
3.973610783753356083e+19
3.977947217941511373e+19
3.982288986286572339e+19
3.986635695917952205e+19
3.990987707512382259e+19
3.995344779076568678e+19
3.999707044240315187e+19
4.004074911514533888e+19
4.008447988630577971e+19
4.012826552378132070e+19
4.017210424043447910e+19
4.021599277468179661e+19
4.025993481008456499e+19
4.030392819505317478e+19
4.034797535399023411e+19
4.039207797729952563e+19
4.043623421681796710e+19
4.048044540663942349e+19
4.052470862745995674e+19
4.056902393663454413e+19
4.061339196895604736e+19
4.065781240132320461e+19
4.070228913632277299e+19
4.074681951235859251e+19
4.079140584087530701e+19
4.083604699609971917e+19
4.088073869252353229e+19
4.092548519306394829e+19
4.097028385640302182e+19
4.101513628717907149e+19
4.106004625663601050e+19
4.110501004826594509e+19
4.115003026053291213e+19
4.119510481554921062e+19
4.124023100888566170e+19
4.128541208056860672e+19
4.133064616024059085e+19
4.137593606254510080e+19
4.142128259553405338e+19
4.146668476376462950e+19
4.151214336322178253e+19
4.155765506583587226e+19
4.160322109325070336e+19
4.164884094356196557e+19
4.169451495566716109e+19
4.174024749558716826e+19
4.178603481932274893e+19
4.183187988718808269e+19
4.187778128517282202e+19
4.192373467032986419e+19
4.196974453804847104e+19
4.201580820006786662e+19
4.206192756391591117e+19
4.210810594476381798e+19
4.215433999107816653e+19
4.220063204027704115e+19
4.224697968932183245e+19
4.229338094725799936e+19
4.233983843622689997e+19
4.238635066356748288e+19
4.243292087471494758e+19
4.247954882699431117e+19
4.252623456653460275e+19
4.257297824252608512e+19
4.261977607863540941e+19
4.266663059080351744e+19
4.271354009614476902e+19
4.276050556111708979e+19
4.280753167943728333e+19
4.285461408532254720e+19
4.290175591703764173e+19
4.294895551649076838e+19
4.299620882048934707e+19
4.304352020453593907e+19
4.309088708494220493e+19
4.313831170924763546e+19
4.318579678559149261e+19
4.323333949614265139e+19
4.328094181996942950e+19
4.332860099260579840e+19
4.337631590233250202e+19
4.342408836830615962e+19
4.347191737791110349e+19
4.351980665010929664e+19
4.356775471332994253e+19
4.361576285525910323e+19
4.366383046323341722e+19
4.371195327108408934e+19
4.376013511090438963e+19
4.380837341860247142e+19
4.385666961492493926e+19
4.390502821302294118e+19
4.395344489361697178e+19
4.400192271371654758e+19
4.405045973806562509e+19
4.409905233091212083e+19
4.414770458381716685e+19
4.419641410856087552e+19
4.424518353188016947e+19
4.429401479474870682e+19
4.434290579218040422e+19
4.439185804162349466e+19
4.444086837894523290e+19
4.448993674731723981e+19
4.453906396653913702e+19
4.458824961255993344e+19
4.463749792288735232e+19
4.468680610107391181e+19
4.473617661067422106e+19
4.478560823277381222e+19
4.483509631250611405e+19
4.488464546240254771e+19
4.493425280622932787e+19
4.498392007536001024e+19
4.503365146005781709e+19
4.508344284612317184e+19
4.513329711767898522e+19
4.518321202737152000e+19
4.523318452381999923e+19
4.528321824007915930e+19
4.533331108005048320e+19
4.538346609101367706e+19
4.543368427702695526e+19
4.548396443601172070e+19
4.553430751426995814e+19
4.558470990771076301e+19
4.563517280042097050e+19
4.568569580465376461e+19
4.573627919990906880e+19
4.578692775114931405e+19
4.583763742423027712e+19
4.588841145438794547e+19
4.593924831515598848e+19
4.599014320150437069e+19
4.604110106819179315e+19
4.609211895275646976e+19
4.614319891194410598e+19
4.619434466183263846e+19
4.624555246205504717e+19
4.629682492638176870e+19
4.634815945849100698e+19
4.639955375799966106e+19
4.645101081386216653e+19
4.650252892479390515e+19
4.655411160222285824e+19
4.660575873346389606e+19
4.665747022085480448e+19
4.670924632346908262e+19
4.676108295481937101e+19
4.681298270797801882e+19
4.686494385353025126e+19
4.691696740983616307e+19
4.696905851674984448e+19
4.702121241937684070e+19
4.707343256692560691e+19
4.712571717207755162e+19
4.717806171018132685e+19
4.723047103184602726e+19
4.728294227330389606e+19
4.733547785650565939e+19
4.738808086263172301e+19
4.744074810457790874e+19
4.749348182217420800e+19
4.754627903123313459e+19
4.759913835916410880e+19
4.765206195365686477e+19
4.770504861726800282e+19
4.775810237154380186e+19
4.781122179666779341e+19
4.786440811289998131e+19
4.791766076913196237e+19
4.797097515179632230e+19
4.802435525847853466e+19
4.807779842276786995e+19
4.813130612941857587e+19
4.818488338757215027e+19
4.823852542598264422e+19
4.829223563432162099e+19
4.834601192902921421e+19
4.839985022278994330e+19
4.845375508798739251e+19
4.850772385601094451e+19
4.856175935608066048e+19
4.861586386389313946e+19
4.867003493623854694e+19
4.872427432899712614e+19
4.877857862909707878e+19
4.883294757919640781e+19
4.888738227641785549e+19
4.894188214283128013e+19
4.899645175854465843e+19
4.905108825524886733e+19
4.910579421693272883e+19
4.916056833242401178e+19
4.921540556445483008e+19
4.927031087237240422e+19
4.932528113143675290e+19
4.938031819619852288e+19
4.943542675225615565e+19
4.949060222187632230e+19
4.954584782402573107e+19
4.960116114151664845e+19
4.965653869126832947e+19
4.971198458206958387e+19
4.976749644311596237e+19
4.982307755529700147e+19
4.987872920788555366e+19
4.993444990394725171e+19
4.999024079866752205e+19
5.004609800685222298e+19
5.010202258504128922e+19
5.015801435775949210e+19
5.021407348922780877e+19
5.027020516914694554e+19
5.032640508817443226e+19
5.038267677177574195e+19
5.043901858346958029e+19
5.049542518726891110e+19
5.055190205317326438e+19
5.060844590878220288e+19
5.066505895663029453e+19
5.072174539808150323e+19
5.077850102792181350e+19
5.083532879090388992e+19
5.089222589673412198e+19
5.094918964389711053e+19
5.100622348036057498e+19
5.106332544226953626e+19
5.112049930902771302e+19
5.117774519168913408e+19
5.123506275429631590e+19
5.129245242753437696e+19
5.134990980852599194e+19
5.140743747804168192e+19
5.146503375262937088e+19
5.152269966860332237e+19
5.158044079836119040e+19
5.163825204413992960e+19
5.169613717634700902e+19
5.175409427987884442e+19
5.181211828981033370e+19
5.187021460054395290e+19
5.192838002568366490e+19
5.198661715844217242e+19
5.204492954513700454e+19
5.210331354354990285e+19
5.216177171412958413e+19
5.222030085180919808e+19
5.227889922491334656e+19
5.233756941091872768e+19
5.239630996887591322e+19
5.245512522610695373e+19
5.251401391227297792e+19
5.257297708001341440e+19
5.263201430430390682e+19
5.269112061659446477e+19
5.275030010276037427e+19
5.280955004725539635e+19
5.286887197320084685e+19
5.292827146156535808e+19
5.298774322930943590e+19
5.304729104713239757e+19
5.310691268477916774e+19
5.316660351488811827e+19
5.322636867192537088e+19
5.328620515767161651e+19
5.334611600112285286e+19
5.340610391211941069e+19
5.346616601395354829e+19
5.352630436577412710e+19
5.358651530378149069e+19
5.364679826589491200e+19
5.370715473637062246e+19
5.376758392027113062e+19
5.382809074491759002e+19
5.388867234957513523e+19
5.394933139835237171e+19
5.401006648983748608e+19
5.407087219419415347e+19
5.413175380702435738e+19
5.419270794316659917e+19
5.425373657430072525e+19
5.431484496755406438e+19
5.437602800903533363e+19
5.443728930787039642e+19
5.449862627868463923e+19
5.456003490886469222e+19
5.462151987647585485e+19
5.468307848029041459e+19
5.474471423271796736e+19
5.480642881455055667e+19
5.486822032973726515e+19
5.493009021188608819e+19
5.499203429210597786e+19
5.505405338970535526e+19
5.511614765928896102e+19
5.517831708253658317e+19
5.524056724165119181e+19
5.530289374930385306e+19
5.536530026223097446e+19
5.542778509560607539e+19
5.549034230723095757e+19
5.555297794011888026e+19
5.561568837410956083e+19
5.567847595134606541e+19
5.574134545476438426e+19
5.580429212912909517e+19
5.586731931227618509e+19
5.593042402148682138e+19
5.599360304729507430e+19
5.605686040216465408e+19
5.612019379765057126e+19
5.618360727984998810e+19
5.624710129625097011e+19
5.631067515985826611e+19
5.637432954689831731e+19
5.643805973451862016e+19
5.650186814783588762e+19
5.656575336099930112e+19
5.662971627077710643e+19
5.669376294247522304e+19
5.675788794866723226e+19
5.682209540493835469e+19
5.688638327152203366e+19
5.695074585580900352e+19
5.701518916922000179e+19
5.707970965667037184e+19
5.714431007647327846e+19
5.720899454615194829e+19
5.727375887094516122e+19
5.733860600061475226e+19
5.740353251050866278e+19
5.746853619447835853e+19
5.753362017681338368e+19
5.759878270496496026e+19
5.766402841175884595e+19
5.772935629487063040e+19
5.779476711866184499e+19
5.786026066216479949e+19
5.792583159706734592e+19
5.799148400098343322e+19
5.805721517462726246e+19
5.812302664861888512e+19
5.818892465864921907e+19
5.825490334742083994e+19
5.832096691922381210e+19
5.838711300066239283e+19
5.845333632498922291e+19
5.851964267724940902e+19
5.858602867542529638e+19
5.865249754231087104e+19
5.871905253738332979e+19
5.878569024109993984e+19
5.885241309094470451e+19
5.891921717326755430e+19
5.898610149775993242e+19
5.905306806392268390e+19
5.912011578590599578e+19
5.918724993920163840e+19
5.925446784231548518e+19
5.932177196784789094e+19
5.938916104946490573e+19
5.945662918443277517e+19
5.952418198386774016e+19
5.959181579322051789e+19
5.965953269251629875e+19
5.972733862595063808e+19
5.979522786554548224e+19
5.986320447160748442e+19
5.993126569443445146e+19
5.999940688088415437e+19
6.006763338183510426e+19
6.013594210345558835e+19
6.020433678405785190e+19
6.027281962046318182e+19
6.034138819666305843e+19
6.041004430587078246e+19
6.047878349578077798e+19
6.054760621740716032e+19
6.061651309411108454e+19
6.068550384561092198e+19
6.075458444903464141e+19
6.082375054052346266e+19
6.089300585418938778e+19
6.096234864029502669e+19
6.103177240219625062e+19
6.110128368085899674e+19
6.117087851376274637e+19
6.124055937342918656e+19
6.131033173233360896e+19
6.138019019200950272e+19
6.145013855272736358e+19
6.152017364336610509e+19
6.159029162417836032e+19
6.166049719041709670e+19
6.173078765904309453e+19
6.180116733778197709e+19
6.187163714361966592e+19
6.194219590664184627e+19
6.201284463562503782e+19
6.208357828723588301e+19
6.215439899289036390e+19
6.222530573299070566e+19
6.229629918015993446e+19
6.236738592370676531e+19
6.243856023037975757e+19
6.250982658383319040e+19
6.258118282449543987e+19
6.265262253721889178e+19
6.272415242576664986e+19
6.279576851792031744e+19
6.286747372756789658e+19
6.293927286357123891e+19
6.301116107037003776e+19
6.308314176456074035e+19
6.315521130593959936e+19
6.322736688059409203e+19
6.329961229233299456e+19
6.337194539938163098e+19
6.344437113576481587e+19
6.351688890826775757e+19
6.358949905058063155e+19
6.366220163829908275e+19
6.373499098184726118e+19
6.380787103277667942e+19
6.388083918630308250e+19
6.395389694468916019e+19
6.402705128679782810e+19
6.410029571871707136e+19
6.417363493400639898e+19
6.424706642173414605e+19
6.432058416639184896e+19
6.439419469727671091e+19
6.446789419033078170e+19
6.454168605248838861e+19
6.461557422485009203e+19
6.468955462202536755e+19
6.476363014533266637e+19
6.483779663514862387e+19
6.491205252911782298e+19
6.498640048870161613e+19
6.506083905212238234e+19
6.513537383972270080e+19
6.521000250388827341e+19
6.528472715511046963e+19
6.535954677806263501e+19
6.543445497873666867e+19
6.550945758985595290e+19
6.558455074314955162e+19
6.565973659526660096e+19
6.573502187117862093e+19
6.581040014795901338e+19
6.588587600295815578e+19
6.596144652837022106e+19
6.603710630684409037e+19
6.611286147393650688e+19
6.618870847527247053e+19
6.626465126545662771e+19
6.634069270081273856e+19
6.641682970795166106e+19
6.649306453294483866e+19
6.656939244361095578e+19
6.664581336881555866e+19
6.672232856092826829e+19
6.679893738557604659e+19
6.687564621271704371e+19
6.695245082502934528e+19
6.702935496925773824e+19
6.710635680217571328e+19
6.718344936925156147e+19
6.726063958206849024e+19
6.733792315811314893e+19
6.741530268774825165e+19
6.749278445179799962e+19
6.757036230930624512e+19
6.764804059893557658e+19
6.772581596786628198e+19
6.780368380835298509e+19
6.788164962828068454e+19
6.795971027251054182e+19
6.803787030102760653e+19
6.811613125485237862e+19
6.819449132972940493e+19
6.827295196772846797e+19
6.835150780803828941e+19
6.843016052504315494e+19
6.850890967864369152e+19
6.858775561838398669e+19
6.866670548721910579e+19
6.874575328350819942e+19
6.882490387932631859e+19
6.890415500186883686e+19
6.898349941312123699e+19
6.906294458302392730e+19
6.914248607310596506e+19
6.922212693962216243e+19
6.930187281648042803e+19
6.938171806982567526e+19
6.946166666902224896e+19
6.954171476534401434e+19
6.962185878568493875e+19
6.970210336091930624e+19
6.978244587313968742e+19
6.986289154865278157e+19
6.994344036846836122e+19
7.002409207066143130e+19
7.010484713532425011e+19
7.018569951387009024e+19
7.026665289102832435e+19
7.034770484787145114e+19
7.042885686945248051e+19
7.051011661528576000e+19
7.059147705066300211e+19
7.067294336414980506e+19
7.075451291496599552e+19
7.083617882103834214e+19
7.091794845159171686e+19
7.099981747971751936e+19
7.108178948277444608e+19
7.116386923183639757e+19
7.124605184014822605e+19
7.132834076862013440e+19
7.141073161884049408e+19
7.149322209164826214e+19
7.157581567537515725e+19
7.165851043621065523e+19
7.174131233111012966e+19
7.182421952147889357e+19
7.190723357778606490e+19
7.199035385049113395e+19
7.207357354086780928e+19
7.215689829967289549e+19
7.224032440022782771e+19
7.232385394341203149e+19
7.240749454481648845e+19
7.249123900629867725e+19
7.257509249150994842e+19
7.265905194321826611e+19
7.274311104473332122e+19
7.282727683373688422e+19
7.291154522286167654e+19
7.299592036895979930e+19
7.308040595053684326e+19
7.316499808356382310e+19
7.324969957236202701e+19
7.333450541203096371e+19
7.341941483164779315e+19
7.350442989445476352e+19
7.358954950692320870e+19
7.367478042452968243e+19
7.376011872283245773e+19
7.384556808555039949e+19
7.393112658260854374e+19
7.401678680210448384e+19
7.410255598539043635e+19
7.418842952391042662e+19
7.427441010983344538e+19
7.436050496032333824e+19
7.444670708973220659e+19
7.453302145647538995e+19
7.461944453556240384e+19
7.470597079899537408e+19
7.479260670638109491e+19
7.487934854648104550e+19
7.496620111735993139e+19
7.505316676070837453e+19
7.514024286727050035e+19
7.522743142721083802e+19
7.531472676916571341e+19
7.540212992048424550e+19
7.548964121889626522e+19
7.557726057712934912e+19
7.566499562076712141e+19
7.575284042814260838e+19
7.584079998189667942e+19
7.592887200205838746e+19
7.601704832497084006e+19
7.610533725404962816e+19
7.619373383723491328e+19
7.628224125600166707e+19
7.637086611530914202e+19
7.645960187894007398e+19
7.654845316241996186e+19
7.663741591872425165e+19
7.672648564643613901e+19
7.681566796403715277e+19
7.690495968205735526e+19
7.699436630498369536e+19
7.708388857820199322e+19
7.717352545652912947e+19
7.726327794849628160e+19
7.735313965298045747e+19
7.744311368216100864e+19
7.753319832905578906e+19
7.762339468890564198e+19
7.771371105547922637e+19
7.780414008270931558e+19
7.789468741750548070e+19
7.798535029894194790e+19
7.807612085478301696e+19
7.816700738726207488e+19
7.825800500544816742e+19
7.834911743902685594e+19
7.844035045287603405e+19
7.853169821307209318e+19
7.862316484543863194e+19
7.871474572352638157e+19
7.880643762571165696e+19
7.889824504892973056e+19
7.899016548063800525e+19
7.908220520061198336e+19
7.917436308243603456e+19
7.926663995242165043e+19
7.935903565958543770e+19
7.945154300626657280e+19
7.954416728665799066e+19
7.963690503031563878e+19
7.972975823030237594e+19
7.982273550567559987e+19
7.991582880840440218e+19
8.000904395889103667e+19
8.010237776160063488e+19
8.019582285615004058e+19
8.028938730124330598e+19
8.038306640151460250e+19
8.047686449719038771e+19
8.057078627036839936e+19
8.066482685903136358e+19
8.075898974285878067e+19
8.085326965531983872e+19
8.094766492389955994e+19
8.104217862530252800e+19
8.113680908907893555e+19
8.123156344299075994e+19
8.132643839651622093e+19
8.142143697391902720e+19
8.151655767589212979e+19
8.161179247176667955e+19
8.170714887153432986e+19
8.180262194291852902e+19
8.189821446027662131e+19
8.199393471155431014e+19
8.208977476580679680e+19
8.218574028602851328e+19
8.228182758746500301e+19
8.237803005688011162e+19
8.247435525028990157e+19
8.257079881154715648e+19
8.266736575734281011e+19
8.276405942871533158e+19
8.286087622277904794e+19
8.295781880650429235e+19
8.305488120919731405e+19
8.315206359368659763e+19
8.324936729856188416e+19
8.334679167115098522e+19
8.344434476391340442e+19
8.354202104603557888e+19
8.363982538488841830e+19
8.373775543385266586e+19
8.383580244431785165e+19
8.393397516552832614e+19
8.403226823684762829e+19
8.413068494372750950e+19
8.422923301816696832e+19
8.432790489501168435e+19
8.442670593513993011e+19
8.452563190676560282e+19
8.462467719472752230e+19
8.472384857549820723e+19
8.482314218550580019e+19
8.492256378759574323e+19
8.502211510709498675e+19
8.512179410598930022e+19
8.522160246133625651e+19
8.532153343060593869e+19
8.542158931597991936e+19
8.552176937987119514e+19
8.562207417412339302e+19
8.572251266161986765e+19
8.582307725107470336e+19
8.592377406666180198e+19
8.602460023882601267e+19
8.612554677972297318e+19
8.622662300869260083e+19
8.632782341237157069e+19
8.642915185005867827e+19
8.653061525786533888e+19
8.663220670217899213e+19
8.673393108724403405e+19
8.683578357306979123e+19
8.693775980994184806e+19
8.703986549931286528e+19
8.714209743375084749e+19
8.724446219589409178e+19
8.734695960350053171e+19
8.744958950862954496e+19
8.755235241004276122e+19
8.765524072193612186e+19
8.775825917917347840e+19
8.786140469677149389e+19
8.796467914139646362e+19
8.806809213620951450e+19
8.817163483173335859e+19
8.827531373671722189e+19
8.837912553075585843e+19
8.848306165970082202e+19
8.858713131774168269e+19
8.869132912679306854e+19
8.879565958644632781e+19
8.890012858109252403e+19
8.900473009235299533e+19
8.910946840300014797e+19
8.921433800013978010e+19
8.931933608416614810e+19
8.942446696644560486e+19
8.952972826998815130e+19
8.963512747500217958e+19
8.974066218174400102e+19
8.984633447800061952e+19
8.995214348411045478e+19
9.005808069560895078e+19
9.016415324529454285e+19
9.027035645034169958e+19
9.037669295779373056e+19
9.048317226317099827e+19
9.058978539757250150e+19
9.069653881399410688e+19
9.080342868313328845e+19
9.091044713184673792e+19
9.101760295747910042e+19
9.112489106791564902e+19
9.123231667335931494e+19
9.133988433393331405e+19
9.144758924906155213e+19
9.155543490435149005e+19
9.166341504560686694e+19
9.177152872617105818e+19
9.187977853164693094e+19
9.198816310108751462e+19
9.209669089438462771e+19
9.220535698078000742e+19
9.231416600470978560e+19
9.242311554184835891e+19
9.253219633610792960e+19
9.264141744357692211e+19
9.275077311937052672e+19
9.286026672755739853e+19
9.296990728950099149e+19
9.307968608786241946e+19
9.318960933128396800e+19
9.329967262006630810e+19
9.340986902613540864e+19
9.352020665935226470e+19
9.363068087465646490e+19
9.374129766724612915e+19
9.385205998284973670e+19
9.396296456111923200e+19
9.407401390339022848e+19
9.418520094188389990e+19
9.429652690484056883e+19
9.440799229475227238e+19
9.451959696419140403e+19
9.463135043939269018e+19
9.474324536630942106e+19
9.485528796598057370e+19
9.496747540330119168e+19
9.507979745311871795e+19
9.519226451839411814e+19
9.530487041193374515e+19
9.541761909522120704e+19
9.553051886344811315e+19
9.564356152937920922e+19
9.575675289509863424e+19
9.587008792538452787e+19
9.598356091893024358e+19
9.609717898752694682e+19
9.621093810519262822e+19
9.632484513076443546e+19
9.643890108696739840e+19
9.655310459699535872e+19
9.666745697880091853e+19
9.678195027466972365e+19
9.689658822977064141e+19
9.701136888334621082e+19
9.712629351145619456e+19
9.724137247718635930e+19
9.735659665543436698e+19
9.747197311663521792e+19
9.758749843094924493e+19
9.770316269978810778e+19
9.781897635479515955e+19
9.793493326468294246e+19
9.805103805907986022e+19
9.816729803796286669e+19
9.828370584194365850e+19
9.840026669329176986e+19
9.851697485233163469e+19
9.863382614477697843e+19
9.875082635275780096e+19
9.886797225291561370e+19
9.898527165083918336e+19
9.910272331820911821e+19
9.922032812704058573e+19
9.933808600017380966e+19
9.945598800933434163e+19
9.957404056154739507e+19
9.969223948332992102e+19
9.981058719141366989e+19
9.992909452221654630e+19
1.000477513927660339e+20
1.001665651280244900e+20
1.002855317719337533e+20
1.004046420117174026e+20
1.005239060236995953e+20
1.006433178901298053e+20
1.007628829836848824e+20
1.008826073221618074e+20
1.010024846919825981e+20
1.011225195507119882e+20
1.012427053812919828e+20
1.013630398562320220e+20
1.014835270743027057e+20
1.016041648104366408e+20
1.017249619047718748e+20
1.018459145294786068e+20
1.019670261937696604e+20
1.020882952003806331e+20
1.022097115653710971e+20
1.023312844893174333e+20
1.024530079175674593e+20
1.025748852444237824e+20
1.026969269439410995e+20
1.028191230347160289e+20
1.029414806750544855e+20
1.030639953173442068e+20
1.031866585118132961e+20
1.033094798751997297e+20
1.034324538720418365e+20
1.035555866973518561e+20
1.036788827809177108e+20
1.038023373942200238e+20
1.039259540329891594e+20
1.040497253256606024e+20
1.041736511318477046e+20
1.042977334899934495e+20
1.044219713817515131e+20
1.045463747745174323e+20
1.046709370907542487e+20
1.047956642303236178e+20
1.049205532961328824e+20
1.050455934610727240e+20
1.051707955036756541e+20
1.052961527727261286e+20
1.054216692998400410e+20
1.055473549327223194e+20
1.056732000826303775e+20
1.057992115714163999e+20
1.059253841906674565e+20
1.060517106497091174e+20
1.061781996800669286e+20
1.063048463090426839e+20
1.064316576378669138e+20
1.065586361826425242e+20
1.066857790615643914e+20
1.068130885985166459e+20
1.069405564858991247e+20
1.070681851323342848e+20
1.071959741144859771e+20
1.073239238425841500e+20
1.074520454748350382e+20
1.075803297221668209e+20
1.077087842271042929e+20
1.078374054672833741e+20
1.079661820555169464e+20
1.080951257396518420e+20
1.082242295742657987e+20
1.083534982843796849e+20
1.084829408091279852e+20
1.086125482640603218e+20
1.087423269529491046e+20
1.088722709332245053e+20
1.090023743893073592e+20
1.091326448193795359e+20
1.092630780063296225e+20
1.093936820463139553e+20
1.095244571951919759e+20
1.096554028031089377e+20
1.097865197985415496e+20
1.099177988517010801e+20
1.100492453048329339e+20
1.101808558456105533e+20
1.103126325488231219e+20
1.104445873608979907e+20
1.105767094493338010e+20
1.107090069464713953e+20
1.108414757894161859e+20
1.109741050475644355e+20
1.111069063964803236e+20
1.112398730094759936e+20
1.113730103846521733e+20
1.115063262511421194e+20
1.116398127620620616e+20
1.117734755090222285e+20
1.119073077376223969e+20
1.120413054443313725e+20
1.121754745221442929e+20
1.123098117153744323e+20
1.124443262088691057e+20
1.125790156297196995e+20
1.127138819700739113e+20
1.128489245251849585e+20
1.129841328520703836e+20
1.131195152124899656e+20
1.132550662186139812e+20
1.133907889489164698e+20
1.135266954870470902e+20
1.136627744977803018e+20
1.137990341853019832e+20
1.139354698768710205e+20
1.140720713886620385e+20
1.142088500063653069e+20
1.143457991983112192e+20
1.144829253200783606e+20
1.146202345691342766e+20
1.147577204922435502e+20
1.148953877616508109e+20
1.150332287289151324e+20
1.151712415615656591e+20
1.153094301505979187e+20
1.154477924212880343e+20
1.155863387462466765e+20
1.157250637321710961e+20
1.158639724493691617e+20
1.160030623070664622e+20
1.161423218191174697e+20
1.162817619803781038e+20
1.164213757079515628e+20
1.165611670672488530e+20
1.167011476506255852e+20
1.168413063361329398e+20
1.169816510850060943e+20
1.171221765411224945e+20
1.172628735778796831e+20
1.174037527506448712e+20
1.175448080116040172e+20
1.176860466631694090e+20
1.178274730281723494e+20
1.179690824271341978e+20
1.181108783919121203e+20
1.182528522930491228e+20
1.183950048513664614e+20
1.185373375327476941e+20
1.186798496774029148e+20
1.188225529503432212e+20
1.189654389603077325e+20
1.191085150043080950e+20
1.192517776520564408e+20
1.193952143102683873e+20
1.195388376740053647e+20
1.196826400761349734e+20
1.198266262973620060e+20
1.199708071435018076e+20
1.201151720310755820e+20
1.202597284885115372e+20
1.204044703983324692e+20
1.205493900229480776e+20
1.206944968228464886e+20
1.208397854361439601e+20
1.209852642066478531e+20
1.211309352171470193e+20
1.212767959673345638e+20
1.214228486131146916e+20
1.215690834520328602e+20
1.217155041648642785e+20
1.218621093415807222e+20
1.220088999864932762e+20
1.221558889548223775e+20
1.223030652464035430e+20
1.224504376618614620e+20
1.225980020527965307e+20
1.227457457030979748e+20
1.228936818771554796e+20
1.230418027689936159e+20
1.231901139592340931e+20
1.233386251513255035e+20
1.234873266486127657e+20
1.236362253435246346e+20
1.237853142745904742e+20
1.239345874475097784e+20
1.240840528379186545e+20
1.242337059858969723e+20
1.243835563766702572e+20
1.245336034639609856e+20
1.246838473587032719e+20
1.248342885899676058e+20
1.249849162850626437e+20
1.251357374338785608e+20
1.252867475201574011e+20
1.254379492278436987e+20
1.255893563781151457e+20
1.257409562408923955e+20
1.258927581456564552e+20
1.260447573194763960e+20
1.261969416369463624e+20
1.263493241907526205e+20
1.265018973565281239e+20
1.266546676045252198e+20
1.268076431983028634e+20
1.269608157008110879e+20
1.271141911512261591e+20
1.272677616565399060e+20
1.274215233437159588e+20
1.275754822867678822e+20
1.277296351584887931e+20
1.278839926912780370e+20
1.280385512959059558e+20
1.281933141546802708e+20
1.283482799028442399e+20
1.285034363947081400e+20
1.286587939170510275e+20
1.288143457516727173e+20
1.289700957076388413e+20
1.291260573033980559e+20
1.292822177816454758e+20
1.294385863537521951e+20
1.295951575442657444e+20
1.297519201431134863e+20
1.299088867163841167e+20
1.300660500183470408e+20
1.302234175039473254e+20
1.303809956364608799e+20
1.305387776369782784e+20
1.306967684593575690e+20
1.308549591863510303e+20
1.310133484691183043e+20
1.311719400350382162e+20
1.313307319358788239e+20
1.314897362629819269e+20
1.316489459662816543e+20
1.318083677226404413e+20
1.319679980560212296e+20
1.321278237783440589e+20
1.322878578077603267e+20
1.324480919733187052e+20
1.326085310672085811e+20
1.327691879846041027e+20
1.329300502917964268e+20
1.330911268800009503e+20
1.332524114884603904e+20
1.334138941699447521e+20
1.335755865832379023e+20
1.337374820724601651e+20
1.338995891779263857e+20
1.340619121781358920e+20
1.342244463780116562e+20
1.343871953984151224e+20
1.345501491997348823e+20
1.347133093865458565e+20
1.348766768648167096e+20
1.350402513278995825e+20
1.352040463441568727e+20
1.353680515560885125e+20
1.355322757929350103e+20
1.356967150285451264e+20
1.358613546865155768e+20
1.360262095914241556e+20
1.361912709326033715e+20
1.363565443249167237e+20
1.365220417102418084e+20
1.366877513414937805e+20
1.368536815776029245e+20
1.370198252846816461e+20
1.371861741499859763e+20
1.373527385170392515e+20
1.375195125460041564e+20
1.376865059691395154e+20
1.378537204702796022e+20
1.380211538924957860e+20
1.381888082595263775e+20
1.383566723055733801e+20
1.385247510455258153e+20
1.386930420578111160e+20
1.388615469571973448e+20
1.390302805170315919e+20
1.391992298457429770e+20
1.393684050491087421e+20
1.395378012801435730e+20
1.397074042803919094e+20
1.398772290472384102e+20
1.400472667845285315e+20
1.402175240250329825e+20
1.403880114040469914e+20
1.405587182502894633e+20
1.407296521632220447e+20
1.409008050426906378e+20
1.410721706075324744e+20
1.412437574493051781e+20
1.414155607862073917e+20
1.415875916552080261e+20
1.417598487088327393e+20
1.419323328127857623e+20
1.421050441122308260e+20
1.422779700053682422e+20
1.424511191789051085e+20
1.426244860181814149e+20
1.427980738128829809e+20
1.429718981658884506e+20
1.431459446291603620e+20
1.433202237574543606e+20
1.434947299864041390e+20
1.436694497845275853e+20
1.438443978827127030e+20
1.440195657277787013e+20
1.441949608714010788e+20
1.443705922644629094e+20
1.445464507282759352e+20
1.447225428597620900e+20
1.448988594937825853e+20
1.450753968046818427e+20
1.452521611650129101e+20
1.454291491096792269e+20
1.456063730996265124e+20
1.457838282912443105e+20
1.459615190891469210e+20
1.461394434602250732e+20
1.463175873505656013e+20
1.464959632254629970e+20
1.466745629330722488e+20
1.468533910742417408e+20
1.470324628395681874e+20
1.472117638331505541e+20
1.473913044338738627e+20
1.475710782722023588e+20
1.477510729066592338e+20
1.479313024052159775e+20
1.481117586778219151e+20
1.482924504021164032e+20
1.484733844408471716e+20
1.486545535538432573e+20
1.488359630756625121e+20
1.490176026715844444e+20
1.491994714236764815e+20
1.493815729864526070e+20
1.495639054877810688e+20
1.497464829386732667e+20
1.499292966636154716e+20
1.501123546796705710e+20
1.502956529327803924e+20
1.504791761925115085e+20
1.506629395024581427e+20
1.508469334684811264e+20
1.510311636869226168e+20
1.512156445922256814e+20
1.514003622177258865e+20
1.515853265456524165e+20
1.517705303080559247e+20
1.519559625423983411e+20
1.521416362281049457e+20
1.523275439744826737e+20
1.525136956985593364e+20
1.527000957439149343e+20
1.528867392855640637e+20
1.530736301182093558e+20
1.532607566267708539e+20
1.534481212830639391e+20
1.536357244907887657e+20
1.538235662655898255e+20
1.540116623017948611e+20
1.542000001419725046e+20
1.543885902734236713e+20
1.545774279264507003e+20
1.547664965486765015e+20
1.549558130789484134e+20
1.551453674978924626e+20
1.553351663431670497e+20
1.555252229242468762e+20
1.557155241088071434e+20
1.559060792455088701e+20
1.560968800689989878e+20
1.562879175119510569e+20
1.564792030087618888e+20
1.566707301212983132e+20
1.568625101260914033e+20
1.570545443877205443e+20
1.572468310054899548e+20
1.574393719381287240e+20
1.576321541729125990e+20
1.578251840848503439e+20
1.580184582584736154e+20
1.582119789115830764e+20
1.584057629857296876e+20
1.585997955031260529e+20
1.587940880439352361e+20
1.589886349860840079e+20
1.591834202621978214e+20
1.593784608694369976e+20
1.595737468607096750e+20
1.597692858221589299e+20
1.599650895431282524e+20
1.601611461603261153e+20
1.603574641349036278e+20
1.605540340990610309e+20
1.607508493258135634e+20
1.609479192154616300e+20
1.611452385535643484e+20
1.613428201032990065e+20
1.615406617600433521e+20
1.617387650907097661e+20
1.619371299022999716e+20
1.621357416603192852e+20
1.623346108328382956e+20
1.625337306493893673e+20
1.627331050474586112e+20
1.629327516872464794e+20
1.631326541588541604e+20
1.633328244298127442e+20
1.635332560580330127e+20
1.637339338393585254e+20
1.639348744177539809e+20
1.641360681472145490e+20
1.643375237760760218e+20
1.645392511505646223e+20
1.647412401423839396e+20
1.649434980532494336e+20
1.651460143014973604e+20
1.653487849760651674e+20
1.655518169196797952e+20
1.657551064316642918e+20
1.659586678963643351e+20
1.661624952177387438e+20
1.663665940097158021e+20
1.665709615911166607e+20
1.667755817743510077e+20
1.669804693363668746e+20
1.671856146031128412e+20
1.673910230195792773e+20
1.675967117423817851e+20
1.678026644677232558e+20
1.680088929388294308e+20
1.682153897946988872e+20
1.684221411004133540e+20
1.686291627039129928e+20
1.688364455063342940e+20
1.690439995387917763e+20
1.692518322520267162e+20
1.694599357517270876e+20
1.696683158892687852e+20
1.698769607509939323e+20
1.700858697494666609e+20
1.702950466100378993e+20
1.705044894558620877e+20
1.707142144347283128e+20
1.709242111818747740e+20
1.711344891397083955e+20
1.713450436166080922e+20
1.715558570969597542e+20
1.717669469688302797e+20
1.719783024594354831e+20
1.721899300495188951e+20
1.724018460081441669e+20
1.726140345579580621e+20
1.728265069715538575e+20
1.730392548638935286e+20
1.732522660047031501e+20
1.734655549699466199e+20
1.736791134721999831e+20
1.738929529531713782e+20
1.741070779847337247e+20
1.743214834404348723e+20
1.745361734103725834e+20
1.747511345236948746e+20
1.749663700581852774e+20
1.751818800236751421e+20
1.753976646983280558e+20
1.756137421437881549e+20
1.758300976911963587e+20
1.760467436005446451e+20
1.762636742844951757e+20
1.764808709663440241e+20
1.766983529338112246e+20
1.769161087947165532e+20
1.771341461021493821e+20
1.773524798253627146e+20
1.775710951655159890e+20
1.777900026599818854e+20
1.780091927879956890e+20
1.782286554903804314e+20
1.784484035601461412e+20
1.786684298049045791e+20
1.788887472123716239e+20
1.791093569594270679e+20
1.793302572581968937e+20
1.795514501054200218e+20
1.797729205404069069e+20
1.799946762834953175e+20
1.802167129903877325e+20
1.804390334477198950e+20
1.806616570477169213e+20
1.808845665160009482e+20
1.811077751006148035e+20
1.813312763232830423e+20
1.815550519817374597e+20
1.817791213949609574e+20
1.820034732693050163e+20
1.822281163508398817e+20
1.824530638668338627e+20
1.826783024825958728e+20
1.829038417163798446e+20
1.831296707930845676e+20
1.833557823238825574e+20
1.835821867708257403e+20
1.838088783405583892e+20
1.840358717102070825e+20
1.842631641109798584e+20
1.844907577031988019e+20
1.847186520358573507e+20
1.849468304179481805e+20
1.851753051560544502e+20
1.854040682844418540e+20
1.856331244163208315e+20
1.858624936170382623e+20
1.860921572047986360e+20
1.863221287894318449e+20
1.865524009590657188e+20
1.867829565086448681e+20
1.870138143290373571e+20
1.872449634807092347e+20
1.874764140307789251e+20
1.877081769907288146e+20
1.879402410111525519e+20
1.881726142868899103e+20
1.884052846625924710e+20
1.886382479536794501e+20
1.888715117041066639e+20
1.891050718451162481e+20
1.893389448950424863e+20
1.895731235522776924e+20
1.898076145760254362e+20
1.900424146896203284e+20
1.902775053230021345e+20
1.905129036758718874e+20
1.907485984783795814e+20
1.909845960629411512e+20
1.912209159088594289e+20
1.914575394767486648e+20
1.916944801111927357e+20
1.919317293551686124e+20
1.921692714552155505e+20
1.924071243791258747e+20
1.926452778166866084e+20
1.928837432919480074e+20
1.931225290933771633e+20
1.933616264155352596e+20
1.936010418039906304e+20
1.938407615895471063e+20
1.940807853623498834e+20
1.943211171197631857e+20
1.945617548659942687e+20
1.948027171212011438e+20
1.950439917967342633e+20
1.952855898305409188e+20
1.955275058317382124e+20
1.957697197290805330e+20
1.960122514926782710e+20
1.962550887927018291e+20
1.964982390782253138e+20
1.967417208135252378e+20
1.969855160703399035e+20
1.972296376530932531e+20
1.974740759409303880e+20
1.977188171197989519e+20
1.979638777017760481e+20
1.982092483019598725e+20
1.984549420454411633e+20
1.987009639551143444e+20
1.989473083678886134e+20
1.991939798314282516e+20
1.994409630209806172e+20
1.996882619105224294e+20
1.999358762786381496e+20
2.001838065749598536e+20
2.004320734913545175e+20
2.006806600596207698e+20
2.009295804151407903e+20
2.011788281094921257e+20
2.014283817607728660e+20
2.016782633653789655e+20
2.019284599347082035e+20
2.021789801349918884e+20
2.024298409543098696e+20
2.026810255802939146e+20
2.029325459815568179e+20
2.031843912472013046e+20
2.034365500257630290e+20
2.036890368010832445e+20
2.039418434315653939e+20
2.041949847961003950e+20
2.044484620721216881e+20
2.047022733792360202e+20
2.049564208945119887e+20
2.052108874873866486e+20
2.054656821655489085e+20
2.057207997704606515e+20
2.059762435950996029e+20
2.062320358012181873e+20
2.064881565899904123e+20
2.067446210970936279e+20
2.070014219011597271e+20
2.072585382741328855e+20
2.075159922381733560e+20
2.077737709190999900e+20
2.080318843361892434e+20
2.082903475060775322e+20
2.085491452752492954e+20
2.088082884589076808e+20
2.090677647219613041e+20
2.093275657361095066e+20
2.095877033422302085e+20
2.098481709833194045e+20
2.101089854539254333e+20
2.103701434666934927e+20
2.106316476086385377e+20
2.108934972881379983e+20
2.111556734095537930e+20
2.114181901475773481e+20
2.116810383183500083e+20
2.119442232294930186e+20
2.122077677643622973e+20
2.124716506011325563e+20
2.127358872621882737e+20
2.130004692665389220e+20
2.132653770130694472e+20
2.135306320363463639e+20
2.137962218624585564e+20
2.140621580080748954e+20
2.143284529870773289e+20
2.145950938882076836e+20
2.148620900324407706e+20
2.151294275179562926e+20
2.153971016397318062e+20
2.156651209362961859e+20
2.159334808011814011e+20
2.162022001160163820e+20
2.164712704676684431e+20
2.167406996421576294e+20
2.170104838542422508e+20
2.172806018744535613e+20
2.175510734158212956e+20
2.178218855516169175e+20
2.180930455370831954e+20
2.183645755991021978e+20
2.186364545717363671e+20
2.189086976811108270e+20
2.191812952605601956e+20
2.194542293450505585e+20
2.197275204276232192e+20
2.200011567428959601e+20
2.202751514581869855e+20
2.205495140151481795e+20
2.208242343710032527e+20
2.210993199871194563e+20
2.213747552435668582e+20
2.216505397005145211e+20
2.219266778875140178e+20
2.222031675406653522e+20
2.224800298101596815e+20
2.227572508778591683e+20
2.230348432326273270e+20
2.233128007196565832e+20
2.235911004091621048e+20
2.238697651123450020e+20
2.241487807377298227e+20
2.244281557919827886e+20
2.247079113656487772e+20
2.249880269718550282e+20
2.252685172333620756e+20
2.255493711635799081e+20
2.258305729808749691e+20
2.261121415398155878e+20
2.263940661155764306e+20
2.266763616887586161e+20
2.269590340189277716e+20
2.272420766033473372e+20
2.275254946524216361e+20
2.278092706673971364e+20
2.280934091597202391e+20
2.283779098933741486e+20
2.286627733666628895e+20
2.289480231903934874e+20
2.292336400307674808e+20
2.295196399905479721e+20
2.298060157225577349e+20
2.300927427920877322e+20
2.303798463217653187e+20
2.306673114636339446e+20
2.309551481018966016e+20
2.312433756741392466e+20
2.315319749368605901e+20
2.318209595787169628e+20
2.321103171502853325e+20
2.324000346410739958e+20
2.326901286246478316e+20
2.329805897739611013e+20
2.332714350554010747e+20
2.335626658938765312e+20
2.338542800462306345e+20
2.341462800530806211e+20
2.344386463662850048e+20
2.347313891813387141e+20
2.350245026872314429e+20
2.353179905933038060e+20
2.356118781908900905e+20
2.359061429078818161e+20
2.362008020156078817e+20
2.364958470550471967e+20
2.367912543121199596e+20
2.370870489557940634e+20
2.373832162558090609e+20
2.376797676271464612e+20
2.379767202988477972e+20
2.382740568787109478e+20
2.385717897655101358e+20
2.388699048949264548e+20
2.391683926581561262e+20
2.394672666569325281e+20
2.397665193459128402e+20
2.400661698601634693e+20
2.403662145921835008e+20
2.406666563287112745e+20
2.409674944927176458e+20
2.412687073057184809e+20
2.415703108165891523e+20
2.418722946123107533e+20
2.421746647068098888e+20
2.424774472838482166e+20
2.427806179514383729e+20
2.430841944575644140e+20
2.433881671431479296e+20
2.436925135451095040e+20
2.439972583040034406e+20
2.443023871276245320e+20
2.446079131246330839e+20
2.449138507186508923e+20
2.452201850229562409e+20
2.455269267641430180e+20
2.458340601012666696e+20
2.461415795030554051e+20
2.464494948574185062e+20
2.467578008129457029e+20
2.470665188672028017e+20
2.473756396347435254e+20
2.476851717562474824e+20
2.479951110584821350e+20
2.483054333407032771e+20
2.486161609057867530e+20
2.489272791150881997e+20
2.492387961774591508e+20
2.495507375646558454e+20
2.498630790259630408e+20
2.501758379943548027e+20
2.504890034679127409e+20
2.508025548062137385e+20
2.511165155001786368e+20
2.514308720417287045e+20
2.517456394062814249e+20
2.520608285714145608e+20
2.523764278591107564e+20
2.526924459133943153e+20
2.530088649447515423e+20
2.533256842232279859e+20
2.536429091267376251e+20
2.539605369400067031e+20
2.542785917284203889e+20
2.545970579634133402e+20
2.549159497278514135e+20
2.552352600339437322e+20
2.555549627512625889e+20
2.558750838177582612e+20
2.561956071452226028e+20
2.565165423953788273e+20
2.568379137901176750e+20
2.571596978050252472e+20
2.574819112144038134e+20
2.578045415212542525e+20
2.581275705232417096e+20
2.584510198911125750e+20
2.587748772742877348e+20
2.590991596987460157e+20
2.594238740090510705e+20
2.597490124910951465e+20
2.600745812662042952e+20
2.604005604135611597e+20
2.607269547790404157e+20
2.610537643770135511e+20
2.613809896023147807e+20
2.617086573055626117e+20
2.620367457357586104e+20
2.623652730484899512e+20
2.626942309628010496e+20
2.630235914730297426e+20
2.633533833057974682e+20
2.636835894482342052e+20
2.640142211178910843e+20
2.643453007067645870e+20
2.646768060488938947e+20
2.650087528892067021e+20
2.653411270733681132e+20
2.656739134989836616e+20
2.660071312937454797e+20
2.663407696669371269e+20
2.666748478901934817e+20
2.670093679390065295e+20
2.673443268734753505e+20
2.676797278206134845e+20
2.680155485341694034e+20
2.683518002640145285e+20
2.686884767467027825e+20
2.690255819947817042e+20
2.693631448364491080e+20
2.697011396504123146e+20
2.700395861220964434e+20
2.703784746496879821e+20
2.707177780005365023e+20
2.710575249981581230e+20
2.713976987361792819e+20
2.717383121610798858e+20
2.720793852101780439e+20
2.724208977581702840e+20
2.727628641212216771e+20
2.731052683148150374e+20
2.734480990475450450e+20
2.737913721256504197e+20
2.741350787514005914e+20
2.744792406490769654e+20
2.748238541370589839e+20
2.751689219183243756e+20
2.755144436206396047e+20
2.758603944661480571e+20
2.762067923706995671e+20
2.765536256832947159e+20
2.769009011340687770e+20
2.772486487625165046e+20
2.775968406108708864e+20
2.779454970096597074e+20
2.782946069995307336e+20
2.786441447170531328e+20
2.789941384373211628e+20
2.793445717205847572e+20
2.796954594264182620e+20
2.800468183651792978e+20
2.803986311875800596e+20
2.807509103512054989e+20
2.811036378573085409e+20
2.814568069886600151e+20
2.818104293927603077e+20
2.821644987306290381e+20
2.825190393987082158e+20
2.828740412151845683e+20
2.832295134564347085e+20
2.835854517107760169e+20
2.839418284498629755e+20
2.842986686426365952e+20
2.846559558774379315e+20
2.850136993489446175e+20
2.853719283460601610e+20
2.857306150046978540e+20
2.860897793357905265e+20
2.864494088602155418e+20
2.868094797274875167e+20
2.871700189654802432e+20
2.875310109908497859e+20
2.878924727720962949e+20
2.882544172699487764e+20
2.886168307029280686e+20
2.889797232079525970e+20
2.893430745761487258e+20
2.897068834828910264e+20
2.900711565172176323e+20
2.904358902992940892e+20
2.908011121304224072e+20
2.911668048046288732e+20
2.915329840355669770e+20
2.918996419267485696e+20
2.922667487562620928e+20
2.926343339098265682e+20
2.930023790309705974e+20
2.933708950467109519e+20
2.937399098907100447e+20
2.941093964485589402e+20
2.944793740260191109e+20
2.948498284509901947e+20
2.952207385801124086e+20
2.955921294383917957e+20
2.959639867202117960e+20
2.963363297111368008e+20
2.967091667461423759e+20
2.970824884632499651e+20
2.974563021824224133e+20
2.978305852762324337e+20
2.982053426895988982e+20
2.985805749871842427e+20
2.989562822854231327e+20
2.993324950370566144e+20
2.997091890224626401e+20
3.000863845373651190e+20
3.004640723291540685e+20
3.008422202297433457e+20
3.012208611099662746e+20
3.015999754403099443e+20
3.019795759029558313e+20
3.023596884230456607e+20
3.027402873461290435e+20
3.031213908561232527e+20
3.035029829031112212e+20
3.038850457986036531e+20
3.042676017486851604e+20
3.046506381803223777e+20
3.050341769172438221e+20
3.054182208358608404e+20
3.058027659089606738e+20
3.061878161070046577e+20
3.065733461623306977e+20
3.069593682283122524e+20
3.073458758091746181e+20
3.077328730936920637e+20
3.081203929092101898e+20
3.085084062720631112e+20
3.088969355933268705e+20
3.092859700083966607e+20
3.096754781599877038e+20
3.100654930988801065e+20
3.104559953753634898e+20
3.108469996227674767e+20
3.112385290527461868e+20
3.116305602388373012e+20
3.120231097934029783e+20
3.124161595915514675e+20
3.128096962042553303e+20
3.132037381384655995e+20
3.135982750442155540e+20
3.139933315181666632e+20
3.143889040852484751e+20
3.147849950357300838e+20
3.151816044196027433e+20
3.155787040932781097e+20
3.159763138381689651e+20
3.163744207424896369e+20
3.167730322683772273e+20
3.171721829415511654e+20
3.175718406738271928e+20
3.179720287791860285e+20
3.183727348573761044e+20
3.187739290346723738e+20
3.191756438143943311e+20
3.195778602331532165e+20
3.199805950841310413e+20
3.203838681055992873e+20
3.207876589285292769e+20
3.211919821089289667e+20
3.215968172367282831e+20
3.220021560072713011e+20
3.224080122800188948e+20
3.228143784564259553e+20
3.232212821552529408e+20
3.236287125933028147e+20
3.240366794326040248e+20
3.244451781910010921e+20
3.248541775984750100e+20
3.252637053900214108e+20
3.256737432940167168e+20
3.260843015343934013e+20
3.264954138650884833e+20
3.269070482072021893e+20
3.273192275657519923e+20
3.277319378197951283e+20
3.281451513069303890e+20
3.285588991936810844e+20
3.289731634439220101e+20
3.293879632328177746e+20
3.298033140070011372e+20
3.302191993496294523e+20
3.306356312382947328e+20
3.310525867537334927e+20
3.314700636445488579e+20
3.318880701020256993e+20
3.323066018476072632e+20
3.327256897864942223e+20
3.331453150625605878e+20
3.335654950616064983e+20
3.339862208926954291e+20
3.344074587893125612e+20
3.348292419556033823e+20
3.352515494504203551e+20
3.356743935959419453e+20
3.360978066918305300e+20
3.365217574069188690e+20
3.369462680030532731e+20
3.373713224407508582e+20
3.377968960551786250e+20
3.382230178208229622e+20
3.386496711064170004e+20
3.390768777054086758e+20
3.395046478925437338e+20
3.399329701673322414e+20
3.403618533673432515e+20
3.407912718254744535e+20
3.412212303403366482e+20
3.416517303375687188e+20
3.420827714698868818e+20
3.425143882092524339e+20
3.429465537910987162e+20
3.433792907548816835e+20
3.438125888269514179e+20
3.442464110102082355e+20
3.446807949251489300e+20
3.451157181236030341e+20
3.455511949075328532e+20
3.459872553834186015e+20
3.464238697691964375e+20
3.468610591133617357e+20
3.472988052464565617e+20
3.477370873496339087e+20
3.481759312799637832e+20
3.486153223276648202e+20
3.490552851557103698e+20
3.494958239208814019e+20
3.499369330769857741e+20
3.503786177179845263e+20
3.508208491748105257e+20
3.512636403647618089e+20
3.517069847689054126e+20
3.521508866278636913e+20
3.525953832956664218e+20
3.530404420593450353e+20
3.534860884041032663e+20
3.539323100614992200e+20
3.543790708709512315e+20
3.548264087484286239e+20
3.552743012838783058e+20
3.557227649816021565e+20
3.561718269559305011e+20
3.566214598423112581e+20
3.570716829674425549e+20
3.575224758060533678e+20
3.579738222997563638e+20
3.584257441882435748e+20
3.588782292413737861e+20
3.593313052586544333e+20
3.597849692629256110e+20
3.602392227786295214e+20
3.606940665079959388e+20
3.611494685094711132e+20
3.616054504658124145e+20
3.620619981426944901e+20
3.625191197677592248e+20
3.629768550597311857e+20
3.634351671618694676e+20
3.638940828156539699e+20
3.643535880133566136e+20
3.648136481938370724e+20
3.652743007442957107e+20
3.657355237542009897e+20
3.661973361674363863e+20
3.666597612432974807e+20
3.671227749745701683e+20
3.675863944170017915e+20
3.680505964483929702e+20
3.685153707554810102e+20
3.689807338812957655e+20
3.694466766776908513e+20
3.699132303643304919e+20
3.703803837399496131e+20
3.708481465992326021e+20
3.713165145573128274e+20
3.717854521122796339e+20
3.722549899273532867e+20
3.727251077280764396e+20
3.731958168368832184e+20
3.736671561946059244e+20
3.741390888309275361e+20
3.746116412037118034e+20
3.750847973538898248e+20
3.755585251467659837e+20
3.760328605443554017e+20
3.765077826372762337e+20
3.769833130617513574e+20
3.774594702911500452e+20
3.779362346914649866e+20
3.784136204550649938e+20
3.788916016055176397e+20
3.793701746338790769e+20
3.798493497229327729e+20
3.803291214558790943e+20
3.808095247736953242e+20
3.812905391592244511e+20
3.817721837340727706e+20
3.822544485121733427e+20
3.827372951478446981e+20
3.832207611063842243e+20
3.837048224887056630e+20
3.841894931715351511e+20
3.846748105433802998e+20
3.851607383559565476e+20
3.856473022921182413e+20
3.861344842143733514e+20
3.866222553096933868e+20
3.871106491415734518e+20
3.875996463463025869e+20
3.880892715215881503e+20
3.885795373516408750e+20
3.890704296724942684e+20
3.895619591747024978e+20
3.900540967531285053e+20
3.905468468414870979e+20
3.910402120091450737e+20
3.915341912699836826e+20
3.920288236059174502e+20
3.925240795663073935e+20
3.930199840770508718e+20
3.935165256568735662e+20
3.940136620756151828e+20
3.945114360399169454e+20
3.950098218384338452e+20
3.955088355833498829e+20
3.960085122705120952e+20
3.965088172827168604e+20
3.970097749945377096e+20
3.975113648470156247e+20
3.980135623166306550e+20
3.985163975130664141e+20
3.990198532085353021e+20
3.995239572486731203e+20
4.000287154483797688e+20
4.005341202967245619e+20
4.010401782951302922e+20
4.015468569170946949e+20
4.020541697613261701e+20
4.025621104354372485e+20
4.030706831364578345e+20
4.035799303515154678e+20
4.040898151921409720e+20
4.046003666088890204e+20
4.051115707585976730e+20
4.056233859297183007e+20
4.061358556064711967e+20
4.066489539492252221e+20
4.071626995592873902e+20
4.076771241292532941e+20
4.081921956604278211e+20
4.087079366412061245e+20
4.092243238311796408e+20
4.097413380414367990e+20
4.102590047852687524e+20
4.107773096098124923e+20
4.112962839133313434e+20
4.118159254794826547e+20
4.123362347250553324e+20
4.128572132230827868e+20
4.133788247137574584e+20
4.139010929024400097e+20
4.144240020950432481e+20
4.149475613712275210e+20
4.154718163706272809e+20
4.159967248049349591e+20
4.165223173103870280e+20
4.170485780686068122e+20
4.175754670957215744e+20
4.181030273749233172e+20
4.186312335784109015e+20
4.191601070673286922e+20
4.196896752455402783e+20
4.202199098039051878e+20
4.207508307192188764e+20
4.212824117916530770e+20
4.218146402941844849e+20
4.223475359082123100e+20
4.228810876467187548e+20
4.234153307845667717e+20
4.239502538253223854e+20
4.244858664857021317e+20
4.250221646159274312e+20
4.255591078905276662e+20
4.260967301833038889e+20
4.266350089745217618e+20
4.271739568010941563e+20
4.277136185821543793e+20
4.282539517014854205e+20
4.287949865671260242e+20
4.293367051411261358e+20
4.298790701130782474e+20
4.304221229402477036e+20
4.309658393813264630e+20
4.315102438460215132e+20
4.320553583842022523e+20
4.326011595365087314e+20
4.331476640921141903e+20
4.336948425947106509e+20
4.342426899938209300e+20
4.347912188045663273e+20
4.353404222519892378e+20
4.358903398318564311e+20
4.364409494264389304e+20
4.369922715283031982e+20
4.375442954118678446e+20
4.380969773500532654e+20
4.386503596179362284e+20
4.392044149117496197e+20
4.397591588655444787e+20
4.403146347381243249e+20
4.408708005924635935e+20
4.414276860303769600e+20
4.419852705322397860e+20
4.425435204870395658e+20
4.431024747107985654e+20
4.436621106739349422e+20
4.442224561424827023e+20
4.447835266620732867e+20
4.453453048784382853e+20
4.459078036632386929e+20
4.464709899863782851e+20
4.470348677814543974e+20
4.475994409577231155e+20
4.481647077573811896e+20
4.487307122628400251e+20
4.492974220710155387e+20
4.498648647107857613e+20
4.504330272913232364e+20
4.510018617869546947e+20
4.515714164859936440e+20
4.521416619803647672e+20
4.527126164341576172e+20
4.532843204836721295e+20
4.538567339093575598e+20
4.544298848980637450e+20
4.550037501675277517e+20
4.555783009174606971e+20
4.561535721108745748e+20
4.567295436091243233e+20
4.573062468624560292e+20
4.578836896715355587e+20
4.584618621438307205e+20
4.590407724462983741e+20
4.596203836362529178e+20
4.602007100375789076e+20
4.607817454022210355e+20
4.613634938572614533e+20
4.619460037262375649e+20
4.625292333815392502e+20
4.631132156820697907e+20
4.636979349967599043e+20
4.642833432539037041e+20
4.648694902736617472e+20
4.654563462634928865e+20
4.660439322079621939e+20
4.666322850758884065e+20
4.672213674958142177e+20
4.678112055784808776e+20
4.684017729779788022e+20
4.689930469070413496e+20
4.695850571610484900e+20
4.701777867291181711e+20
4.707712710948401971e+20
4.713655089768735048e+20
4.719604994090414899e+20
4.725562450054352732e+20
4.731527045491990856e+20
4.737499040464256369e+20
4.743478260787025019e+20
4.749464809350613565e+20
4.755459203410283069e+20
4.761460964618025697e+20
4.767470441226038149e+20
4.773487454395882537e+20
4.779511542283161436e+20
4.785543198275202580e+20
4.791582129785923174e+20
4.797628577968810885e+20
4.803682864503793254e+20
4.809744656450041283e+20
4.815814186983477740e+20
4.821891158785418199e+20
4.827975417105101619e+20
4.834067193977711493e+20
4.840166358554665943e+20
4.846273309721037373e+20
4.852387929448070513e+20
4.858510313133746422e+20
4.864640422260497449e+20
4.870777798060575293e+20
4.876922816251249951e+20
4.883075225144680776e+20
4.889235164175339356e+20
4.895403150842949140e+20
4.901578694169979126e+20
4.907762143036889498e+20
4.913953293243626947e+20
4.920151712718353859e+20
4.926357878220613878e+20
4.932571509142336307e+20
4.938792881258203054e+20
4.945022255963582628e+20
4.951259354437943951e+20
4.957504374159449129e+20
4.963756980500432814e+20
4.970017105854737285e+20
4.976284900928856392e+20
4.982560282772148716e+20
4.988843698271520031e+20
4.995134908697414861e+20
5.001434131528177418e+20
5.007741253768919122e+20
5.014055775386687242e+20
5.020378174267272724e+20
5.026708137901417431e+20
5.033045842855070269e+20
5.039391788650233856e+20
5.045745490649015910e+20
5.052107289258809098e+20
5.058476951873288274e+20
5.064854088041243607e+20
5.071239145010130452e+20
5.077631861389299548e+20
5.084032551110361088e+20
5.090441402002398904e+20
5.096858203836756132e+20
5.103283109992461107e+20
5.109715744843201249e+20
5.116156143047035453e+20
5.122604357328272097e+20
5.129060361969951703e+20
5.135524656063546655e+20
5.141996881248297288e+20
5.148477342263893688e+20
5.154965894229958984e+20
5.161461990065080893e+20
5.167966176794986414e+20
5.174478117517811384e+20
5.180998017541883822e+20
5.187526347304636908e+20
5.194062640466429215e+20
5.200607221958025544e+20
5.207159827497921413e+20
5.213720121115171226e+20
5.220288506517277901e+20
5.226864749412532879e+20
5.233449205660245033e+20
5.240041975169709507e+20
5.246642931976339456e+20
5.253252176282105938e+20
5.259869287517207265e+20
5.266494418890194944e+20
5.273127507166182769e+20
5.279768593941248737e+20
5.286418229051568292e+20
5.293075941465794150e+20
5.299742103941251072e+20
5.306416539556037919e+20
5.313098695425195377e+20
5.319789141406766858e+20
5.326487534275223880e+20
5.333194111424226263e+20
5.339909302116392632e+20
5.346632671365698028e+20
5.353364521002548593e+20
5.360104551562737091e+20
5.366852495493885460e+20
5.373608697715049103e+20
5.380372959600829399e+20
5.387145682957586924e+20
5.393926864279142400e+20
5.400716478817900954e+20
5.407514563800399872e+20
5.414320649497815941e+20
5.421135024359479050e+20
5.427957492314528809e+20
5.434788170634877338e+20
5.441627646379805901e+20
5.448475376969909535e+20
5.455331758054292193e+20
5.462196586861936640e+20
5.469069331603122422e+20
5.475950557134427259e+20
5.482839926072963891e+20
5.489737711473662362e+20
5.496644288283190231e+20
5.503559267098002063e+20
5.510482918362019267e+20
5.517414903667136266e+20
5.524355038967449518e+20
5.531303593842990776e+20
5.538260414634262528e+20
5.545225953376597443e+20
5.552200086436117873e+20
5.559182908600837079e+20
5.566174383556624384e+20
5.573173987912744960e+20
5.580182142503767900e+20
5.587198562639843820e+20
5.594223404911792620e+20
5.601257264113461494e+20
5.608299575257747292e+20
5.615350737558697411e+20
5.622410519086061322e+20
5.629478421819976581e+20
5.636554991869136732e+20
5.643639905437472522e+20
5.650733475063795548e+20
5.657836007115253350e+20
5.664947173254643712e+20
5.672067203546289930e+20
5.679195716607229952e+20
5.686332628210665390e+20
5.693478114658676900e+20
5.700632077338612859e+20
5.707795023074121482e+20
5.714966690096026092e+20
5.722147312502282650e+20
5.729336769056739164e+20
5.736534487292856238e+20
5.743741009507804774e+20
5.750955977056845169e+20
5.758179590266703053e+20
5.765412423960483594e+20
5.772653919290345390e+20
5.779904466307461284e+20
5.787163800360344617e+20
5.794431471003855094e+20
5.801707990574514831e+20
5.808993057326541046e+20
5.816287027366229443e+20
5.823590123019411784e+20
5.830902093840564224e+20
5.838223119766972662e+20
5.845552772123276739e+20
5.852891084118399386e+20
5.860238119357990830e+20
5.867593845190503301e+20
5.874958828080257434e+20
5.882332667103220204e+20
5.889715701892356506e+20
5.897107769140392100e+20
5.904508243915669504e+20
5.911917748172611912e+20
5.919335895105115259e+20
5.926762917866270884e+20
5.934199358365069476e+20
5.941644677803693834e+20
5.949099248938199286e+20
5.956562770565583340e+20
5.964034854827184620e+20
5.971515963897244549e+20
5.979005827313050583e+20
5.986504849108219986e+20
5.994013150826790912e+20
6.001530578173516841e+20
6.009057250406697533e+20
6.016592686936615813e+20
6.024137057412365681e+20
6.031690291748755210e+20
6.039252435057955308e+20
6.046824113513208218e+20
6.054404791463675167e+20
6.061994891771307622e+20
6.069594213316647977e+20
6.077202122269805773e+20
6.084819268967046840e+20
6.092445258636049777e+20
6.100080361127279329e+20
6.107725071314975457e+20
6.115378885675922227e+20
6.123042150798836367e+20
6.130714524813413581e+20
6.138395698747122647e+20
6.146086066762793615e+20
6.153785399736100454e+20
6.161494154279953367e+20
6.169212333052284109e+20
6.176939897697199718e+20
6.184676895384625480e+20
6.192422788665244385e+20
6.200177903828777042e+20
6.207942015267979919e+20
6.215715257766948372e+20
6.223498299320324588e+20
6.231290521590434365e+20
6.239092373980436234e+20
6.246903625475168666e+20
6.254723666684387000e+20
6.262553141874740429e+20
6.270391663203824435e+20
6.278239541365108900e+20
6.286097208818140447e+20
6.293964213946409288e+20
6.301840867507801948e+20
6.309726782545107354e+20
6.317621746645263974e+20
6.325526066553073172e+20
6.333439565416693760e+20
6.341362757389071155e+20
6.349295506683878441e+20
6.357237912307188367e+20
6.365189937017522749e+20
6.373150981217596211e+20
6.381121523983198454e+20
6.389101237442918482e+20
6.397090300182606643e+20
6.405089393459819971e+20
6.413097868270965883e+20
6.421116179787418173e+20
6.429144063201580155e+20
6.437180948450382971e+20
6.445227457563778089e+20
6.453283218762085171e+20
6.461348588018397348e+20
6.469423918651307459e+20
6.477508829089797243e+20
6.485603583752201830e+20
6.493707745851696742e+20
6.501821218672307077e+20
6.509944200472456069e+20
6.518076578545046651e+20
6.526218929870285046e+20
6.534370959110263276e+20
6.542532925798303662e+20
6.550704694985600532e+20
6.558885610243029729e+20
6.567076290721256571e+20
6.575276323407118991e+20
6.583485937156708106e+20
6.591705790127112192e+20
6.599935239979799675e+20
6.608174731461188649e+20
6.616423961771779031e+20
6.624682416420479304e+20
6.632950677497057116e+20
6.641228399284993393e+20
6.649515987781723095e+20
6.657813699000091279e+20
6.666121241165514670e+20
6.674438820945326244e+20
6.682765946636923044e+20
6.691102657918899323e+20
6.699449021723291156e+20
6.707805002361221939e+20
6.716171245272241275e+20
6.724547293462731162e+20
6.732933530057281372e+20
6.741329770027633869e+20
6.749735296700606054e+20
6.758150821158139986e+20
6.766575898097680384e+20
6.775010794125923451e+20
6.783456129053603922e+20
6.791911283573936620e+20
6.800376682465205944e+20
6.808851980414029660e+20
6.817336736196000481e+20
6.825831472614153912e+20
6.834335880944202547e+20
6.842850422278790840e+20
6.851375235624077885e+20
6.859910140476708618e+20
6.868455273378105262e+20
6.877010082258765742e+20
6.885574765550376059e+20
6.894149234130574377e+20
6.902733543269817385e+20
6.911328407071678792e+20
6.919933211856764928e+20
6.928548437643966546e+20
6.937173854307907011e+20
6.945808738582413967e+20
6.954453830355349668e+20
6.963108676781557678e+20
6.971773586730812703e+20
6.980449125001211412e+20
6.989134713271817339e+20
6.997830745919443436e+20
7.006536830251316019e+20
7.015252617552722657e+20
7.023978550237455974e+20
7.032714368495602893e+20
7.041460593930992353e+20
7.050217227202705490e+20
7.058984222395760640e+20
7.067761632522894049e+20
7.076548839309146849e+20
7.085346222496169329e+20
7.094153514875627766e+20
7.102970873049392087e+20
7.111799059997741548e+20
7.120637366260331971e+20
7.129486302425469420e+20
7.138345603451677573e+20
7.147214575740679619e+20
7.156093950372515676e+20
7.164983283579142799e+20
7.173882931331588424e+20
7.182793385228337152e+20
7.191714127590214861e+20
7.200645511006861394e+20
7.209587090175119852e+20
7.218538629784802427e+20
7.227500468882858312e+20
7.236472409557249556e+20
7.245455039703935877e+20
7.254448198545879859e+20
7.263452000041283092e+20
7.272466399175542047e+20
7.281490705218324398e+20
7.290525476023759012e+20
7.299570325029001626e+20
7.308625460229212733e+20
7.317691658180671570e+20
7.326768175228184166e+20
7.335855527958051553e+20
7.344953411787474862e+20
7.354061180465593713e+20
7.363179537029224202e+20
7.372308057685355397e+20
7.381447150689551647e+20
7.390597214627139420e+20
7.399757813939980206e+20
7.408929247026416189e+20
7.418111010353150689e+20
7.427303004670888509e+20
7.436505440680707359e+20
7.445718196485652480e+20
7.454941932440719196e+20
7.464176301379426714e+20
7.473421604518204539e+20
7.482677683148974981e+20
7.491943783054890762e+20
7.501220617046803087e+20
7.510507707600413655e+20
7.519805318578068521e+20
7.529114198363353907e+20
7.538433611996461793e+20
7.547764063341438566e+20
7.557105203283224166e+20
7.566456452238843576e+20
7.575818464106205676e+20
7.585190847019260314e+20
7.594574067066909491e+20
7.603968408268864225e+20
7.613373540619424891e+20
7.622789694833225892e+20
7.632216303113886761e+20
7.641653426806208594e+20
7.651101121152425656e+20
7.660559355597404242e+20
7.670028869529997148e+20
7.679509128468259144e+20
7.689000572472389796e+20
7.698502990271199314e+20
7.708015555777049395e+20
7.717539088027300659e+20
7.727073072863804129e+20
7.736617817933158810e+20
7.746174025277386260e+20
7.755740988132339220e+20
7.765319186309285151e+20
7.774908220780237292e+20
7.784507599704084972e+20
7.794117904754638848e+20
7.803738789072648274e+20
7.813370782516325908e+20
7.823014031129591153e+20
7.832668335979120558e+20
7.842333845441253212e+20
7.852009920984577475e+20
7.861696811080086979e+20
7.871394386123666227e+20
7.881102723518950277e+20
7.890822639153288315e+20
7.900553423008091341e+20
7.910295620749198623e+20
7.920048966677909996e+20
7.929812640811650908e+20
7.939587481255617495e+20
7.949372970753999503e+20
7.959169466036411433e+20
7.968977602907651441e+20
7.978796724233106883e+20
7.988627273361530552e+20
7.998468795556435067e+20
8.008320909665212826e+20
8.018184099925713224e+20
8.028058078771831112e+20
8.037943446176801751e+20
8.047840184815372206e+20
8.057748254579413484e+20
8.067667705612119572e+20
8.077597821709051494e+20
8.087539060798790042e+20
8.097491095604301660e+20
8.107454110496838124e+20
8.117428981351777567e+20
8.127414887007288033e+20
8.137412407993744753e+20
8.147421237359135949e+20
8.157440593049308365e+20
8.167471298737366630e+20
8.177512850182425805e+20
8.187565658884108452e+20
8.197630272665147146e+20
8.207706107528258519e+20
8.217793556794644890e+20
8.227892103782407864e+20
8.238001502972119613e+20
8.248122113682790154e+20
8.258253723217208279e+20
8.268397008442838221e+20
8.278551761155944612e+20
8.288718130212174561e+20
8.298896050303665439e+20
8.309084720120400445e+20
8.319284807666241372e+20
8.329495844515343237e+20
8.339718079273360425e+20
8.349952391321976832e+20
8.360197931654951731e+20
8.370455283083322327e+20
8.380724091865390121e+20
8.391003635112728330e+20
8.401294698902096445e+20
8.411596805171436585e+20
8.421910426288766321e+20
8.432235998371398287e+20
8.442573036290130575e+20
8.452921868537613517e+20
8.463281909780304364e+20
8.473653077207216292e+20
8.484035575312176906e+20
8.494429283219235144e+20
8.504834961927738491e+20
8.515252182590491197e+20
8.525681315712426312e+20
8.536122161906738790e+20
8.546573852549530255e+20
8.557037216767538627e+20
8.567511700200034140e+20
8.577997610551353016e+20
8.588495790787517481e+20
8.599005405369360712e+20
8.609527020339082035e+20
8.620060229185265992e+20
8.630604391418639155e+20
8.641160230089326592e+20
8.651727307765565358e+20
8.662306164218206618e+20
8.672897098020531732e+20
8.683499751022426849e+20
8.694114370765987512e+20
8.704740296061159997e+20
8.715377636150597386e+20
8.726026408212533084e+20
8.736686601613613466e+20
8.747359069207393731e+20
8.758043165915978138e+20
8.768739409552635331e+20
8.779447553056197837e+20
8.790166647943752581e+20
8.800897636523704320e+20
8.811639926721774879e+20
8.822393877535583109e+20
8.833160273595649229e+20
8.843938316377435668e+20
8.854728541532682977e+20
8.865530483327723110e+20
8.876343609038806712e+20
8.887168550835823575e+20
8.898004927746643067e+20
8.908853353941249556e+20
8.919713962350194196e+20
8.930586552460552438e+20
8.941471273330765988e+20
8.952367380179909345e+20
8.963275206066356879e+20
8.974194545609399337e+20
8.985125518405233541e+20
8.996069058648093491e+20
9.007024335079798211e+20
9.017991969276509553e+20
9.028971650852362650e+20
9.039962458723023585e+20
9.050965336062382572e+20
9.061979696020275855e+20
9.073005955157706670e+20
9.084044815736377180e+20
9.095095542166969385e+20
9.106158624770913731e+20
9.117233531637184594e+20
9.128319865450861691e+20
9.139418137058622833e+20
9.150528039250431836e+20
9.161650268080464200e+20
9.172784760325645271e+20
9.183931506491555840e+20
9.195090538113440154e+20
9.206261018523522826e+20
9.217443521908237926e+20
9.228637633216599818e+20
9.239843572866200371e+20
9.251062352572058173e+20
9.262293011994437222e+20
9.273536211910382060e+20
9.284791592555379425e+20
9.296058283766694543e+20
9.307337203943685489e+20
9.318627786076755067e+20
9.329930511025540956e+20
9.341245972387021455e+20
9.352573525972942848e+20
9.363913600423252460e+20
9.375265590159879700e+20
9.386629263349113160e+20
9.398004976307179356e+20
9.409392514462000087e+20
9.420792663754385654e+20
9.432205131723256627e+20
9.443630136183134618e+20
9.455067570500163338e+20
9.466516497228110234e+20
9.477977741550965228e+20
9.489450719047387709e+20
9.500935735723753472e+20
9.512433778210689516e+20
9.523943882730412442e+20
9.535466701566910136e+20
9.547001818894864220e+20
9.558548441279732122e+20
9.570107434112579011e+20
9.581678266317783695e+20
9.593261490282037248e+20
9.604857562220901171e+20
9.616465960540624650e+20
9.628087034338833859e+20
9.639720096312973066e+20
9.651365112771430318e+20
9.663022249344722534e+20
9.674691404653445775e+20
9.686373463074507325e+20
9.698067874959093924e+20
9.709775101195025121e+20
9.721494898252298322e+20
9.733226255295583355e+20
9.744970148024284611e+20
9.756725930665666150e+20
9.768493966863622472e+20
9.780275193577938616e+20
9.792068669928168489e+20
9.803875024550536151e+20
9.815693778337419756e+20
9.827524242829526958e+20
9.839367199401198223e+20
9.851222170584876319e+20
9.863089788045311345e+20
9.874970339312883466e+20
9.886863459502151434e+20
9.898769398693583913e+20
9.910687379199908905e+20
9.922617600889681347e+20
9.934559999410421105e+20
9.946514608920100864e+20
9.958482421359590769e+20
9.970462630852528701e+20
9.982455864943394161e+20
9.994461819429148426e+20
1.000647943136973423e+21
1.001850976222882169e+21
1.003055214026390241e+21
1.004260698989346423e+21
1.005467517163159945e+21
1.006675579632180920e+21
1.007884945236501594e+21
1.009095558957547520e+21
1.010307365532291826e+21
1.011520431299105653e+21
1.012734715808452968e+21
1.013950290985067086e+21
1.015167165306803847e+21
1.016385321679692235e+21
1.017604773090239840e+21
1.018825431801296323e+21
1.020047344990871093e+21
1.021270478961171628e+21
1.022494853106867110e+21
1.023720574631020069e+21
1.024947544935891206e+21
1.026175834998354739e+21
1.027405408029805511e+21
1.028636161958560662e+21
1.029868201838784938e+21
1.031101461805170819e+21
1.032335991124903461e+21
1.033571865267236241e+21
1.034809003664652632e+21
1.036047459312890282e+21
1.037287169244986868e+21
1.038528095144241005e+21
1.039770287835945632e+21
1.041013716284725527e+21
1.042258462062622540e+21
1.043504509670875726e+21
1.044751865467627504e+21
1.046000528114126160e+21
1.047250398907086012e+21
1.048501552630785769e+21
1.049753934900502725e+21
1.051007574002286461e+21
1.052262583191466017e+21
1.053518853325751583e+21
1.054776458218892558e+21
1.056035355088770957e+21
1.057295448976140272e+21
1.058556840681174335e+21
1.059819467455185158e+21
1.061083386194593055e+21
1.062348658570592125e+21
1.063615215853744685e+21
1.064883103201133068e+21
1.066152248792022385e+21
1.067422634915880501e+21
1.068694292833174815e+21
1.069967203232241680e+21
1.071241458283470782e+21
1.072517014495832834e+21
1.073793906093537362e+21
1.075072114912740639e+21
1.076351531897674138e+21
1.077632257185020641e+21
1.078914220802741633e+21
1.080197459917133578e+21
1.081482083727333917e+21
1.082767983843747955e+21
1.084055232440944820e+21
1.085343779930578747e+21
1.086633541636496032e+21
1.087924610623951471e+21
1.089216929250656387e+21
1.090510562905553895e+21
1.091805555948343263e+21
1.093101855314078728e+21
1.094399496141421019e+21
1.095698396781720240e+21
1.096998564106102505e+21
1.098300005398560244e+21
1.099602715586000585e+21
1.100906798453772517e+21
1.102212181112770003e+21
1.103518921613839172e+21
1.104826991092855603e+21
1.106136270508299780e+21
1.107446876068078027e+21
1.108758732406749659e+21
1.110071883145601614e+21
1.111386430418280251e+21
1.112702269824662110e+21
1.114019470041642435e+21
1.115337973796228432e+21
1.116657710165608890e+21
1.117978760658120081e+21
1.119301074922310205e+21
1.120624727765847376e+21
1.121949742405765431e+21
1.123276085628015215e+21
1.124603780174891319e+21
1.125932733522805260e+21
1.127262981435878146e+21
1.128594502426799636e+21
1.129927308394542531e+21
1.131261514934980182e+21
1.132597020548772135e+21
1.133933901171846676e+21
1.135272118905936544e+21
1.136611556330404315e+21
1.137952331737884131e+21
1.139294369807633875e+21
1.140637721451273519e+21
1.141982478427249967e+21
1.143328543900933947e+21
1.144675981005948060e+21
1.146024723836424946e+21
1.147374719012745773e+21
1.148726032300217336e+21
1.150078623030516384e+21
1.151432576422876938e+21
1.152787890381488783e+21
1.154144556114295390e+21
1.155502581377792082e+21
1.156861861649234133e+21
1.158222464876470338e+21
1.159584339731388039e+21
1.160947513918186062e+21
1.162312112067935863e+21
1.163678015686719832e+21
1.165045305996498174e+21
1.166413938639786213e+21
1.167783802815371411e+21
1.169155013593667469e+21
1.170527498325519761e+21
1.171901316112107307e+21
1.173276544705524924e+21
1.174653098776397611e+21
1.176031033669148606e+21
1.177410273822731010e+21
1.178790787531176018e+21
1.180172620242331894e+21
1.181555743584971129e+21
1.182940254253261521e+21
1.184326120307058803e+21
1.185713362358103441e+21
1.187101970362128925e+21
1.188491826591337808e+21
1.189883031719427178e+21
1.191275512458262086e+21
1.192669306362210288e+21
1.194064538361778405e+21
1.195461085648006152e+21
1.196859029703597490e+21
1.198258318792015479e+21
1.199658852320619266e+21
1.201060738195258081e+21
1.202463908698059440e+21
1.203868432086768550e+21
1.205274368132383506e+21
1.206681647340046516e+21
1.208090314804816249e+21
1.209500284209622155e+21
1.210911550015244075e+21
1.212324132363929911e+21
1.213738018031725445e+21
1.215153316325694898e+21
1.216569961021647356e+21
1.217988006125371654e+21
1.219407422166182396e+21
1.220828081958709101e+21
1.222250106962559107e+21
1.223673414906404405e+21
1.225098051117925532e+21
1.226524133959458357e+21
1.227951543432734310e+21
1.229380358027154555e+21
1.230810517631940166e+21
1.232241935797831336e+21
1.233674708929994031e+21
1.235108776726470853e+21
1.236544217640393507e+21
1.237981069120082805e+21
1.239419282251089445e+21
1.240858889190070288e+21
1.242299791679892226e+21
1.243742015226904314e+21
1.245185549239306420e+21
1.246630398741961507e+21
1.248076686871651418e+21
1.249524313545671180e+21
1.250973354797285507e+21
1.252423772901951930e+21
1.253875434801185948e+21
1.255328472168688517e+21
1.256782799893681406e+21
1.258238471151225930e+21
1.259695593972544045e+21
1.261154055237303271e+21
1.262613928121430442e+21
1.264075143064744362e+21
1.265537632064804749e+21
1.267001475269735481e+21
1.268466622518189621e+21
1.269933163573569913e+21
1.271401108828699230e+21
1.272870435140514349e+21
1.274341158793977004e+21
1.275813168319837766e+21
1.277286525558717153e+21
1.278761183288153866e+21
1.280237168150612804e+21
1.281714613612393267e+21
1.283193395235190997e+21
1.284673600474986840e+21
1.286155182885007000e+21
1.287638015690395877e+21
1.289122228266938139e+21
1.290607737820374630e+21
1.292094606385275994e+21
1.293582927526065603e+21
1.295072599490535621e+21
1.296563687588532847e+21
1.298056111650509160e+21
1.299549826816966394e+21
1.301044891774677156e+21
1.302541269483440046e+21
1.304039062212331176e+21
1.305538248149029356e+21
1.307038835587849126e+21
1.308540821748343112e+21
1.310044080584049558e+21
1.311548710347293065e+21
1.313054637730262942e+21
1.314561899913749463e+21
1.316070637778739921e+21
1.317580713841407558e+21
1.319092218917758960e+21
1.320605098484341670e+21
1.322119236148390003e+21
1.323634754481834164e+21
1.325151575595997200e+21
1.326669771474707153e+21
1.328189416681679356e+21
1.329710425775760212e+21
1.331232853399560258e+21
1.332756607524413112e+21
1.334281671547725545e+21
1.335808077013613281e+21
1.337335803255942808e+21
1.338864966330043335e+21
1.340395506625229357e+21
1.341927470045465149e+21
1.343460831273858105e+21
1.344995451898292601e+21
1.346531459968384369e+21
1.348068765519244427e+21
1.349607416269910573e+21
1.351147546846039376e+21
1.352689021504494240e+21
1.354231928492106449e+21
1.355776204075163451e+21
1.357321746741598618e+21
1.358868667297386725e+21
1.360416895609156665e+21
1.361966514782035771e+21
1.363517575420175712e+21
1.365070013820359672e+21
1.366623870891384635e+21
1.368179041400695554e+21
1.369735542560778093e+21
1.371293372584442462e+21
1.372852530722152645e+21
1.374413148186119504e+21
1.375975126586785792e+21
1.377538540896330711e+21
1.379103353546368090e+21
1.380669415548054667e+21
1.382236872275286295e+21
1.383805628443209499e+21
1.385375740297209971e+21
1.386947331889096819e+21
1.388520273890776449e+21
1.390094649321810821e+21
1.391670384012953649e+21
1.393247396257870381e+21
1.394825779648001737e+21
1.396405474932905738e+21
1.397986577598177608e+21
1.399569108876703826e+21
1.401153032746757259e+21
1.402738373033633251e+21
1.404325009855705514e+21
1.405913000270393246e+21
1.407502302431458886e+21
1.409092939356127101e+21
1.410685055871309578e+21
1.412278519961187516e+21
1.413873425844080738e+21
1.415469724289473970e+21
1.417067272543108071e+21
1.418666214360932942e+21
1.420266456593860919e+21
1.421868065160208318e+21
1.423471148785730585e+21
1.425075589725404004e+21
1.426681462842598883e+21
1.428288682210131182e+21
1.429897191306355016e+21
1.431507060541427548e+21
1.433118244971329094e+21
1.434730853813556347e+21
1.436344873035916378e+21
1.437960300792672420e+21
1.439577140174213612e+21
1.441195255098680279e+21
1.442814744494289191e+21
1.444435532669000876e+21
1.446057657623989977e+21
1.447681276408035279e+21
1.449306236403914637e+21
1.450932637847179756e+21
1.452560422569252749e+21
1.454189458771564298e+21
1.455819883394647196e+21
1.457451608417601323e+21
1.459084710667524506e+21
1.460719278328978604e+21
1.462355210935991796e+21
1.463992571977399271e+21
1.465631262342958809e+21
1.467271256557318046e+21
1.468912595331292332e+21
1.470555251765435171e+21
1.472199350258114757e+21
1.473844835105697169e+21
1.475491745719639867e+21
1.477140060482923921e+21
1.478789627923903545e+21
1.480440584700372189e+21
1.482092832132925751e+21
1.483746421209443336e+21
1.485401502702062535e+21
1.487057924931678372e+21
1.488715785820528443e+21
1.490375016964034134e+21
1.492035502704840933e+21
1.493697367440741892e+21
1.495360531574089581e+21
1.497025084171178738e+21
1.498691087166785454e+21
1.500358463633756783e+21
1.502027262159222211e+21
1.503697368916257931e+21
1.505368795849992962e+21
1.507041546867933446e+21
1.508715617187552035e+21
1.510391147940179345e+21
1.512068038871347364e+21
1.513746366141027582e+21
1.515426091096514232e+21
1.517107048561022337e+21
1.518789398114951758e+21
1.520473033892707172e+21
1.522158016248830755e+21
1.523844484676136993e+21
1.525532293862118654e+21
1.527221536339340820e+21
1.528912132064095240e+21
1.530603987200213778e+21
1.532297207310910226e+21
1.533991724839095239e+21
1.535687642520843977e+21
1.537384989807194145e+21
1.539083720170794385e+21
1.540783863440745431e+21
1.542485289425316348e+21
1.544188054408116830e+21
1.545892117767465206e+21
1.547597501264589226e+21
1.549304362499792699e+21
1.551012559481860784e+21
1.552722194010846527e+21
1.554433213138497962e+21
1.556145458342609551e+21
1.557859087824771088e+21
1.559573997967329722e+21
1.561290259799040066e+21
1.563007996024869356e+21
1.564727073705190752e+21
1.566447576589949731e+21
1.568169411481953370e+21
1.569892512571926512e+21
1.571616959696029090e+21
1.573342701297648796e+21
1.575069855319175463e+21
1.576798411935433097e+21
1.578528362520152375e+21
1.580259713937651532e+21
1.581992317862614401e+21
1.583726278308932616e+21
1.585461514047886983e+21
1.587198065879377773e+21
1.588936105912288412e+21
1.590675467000364401e+21
1.592416258523769602e+21
1.594158417520955752e+21
1.595901797608718336e+21
1.597646549561468518e+21
1.599392575496807514e+21
1.601139958528173670e+21
1.602888798524961194e+21
1.604638981543761281e+21
1.606390578821000593e+21
1.608143482374224085e+21
1.609897661185135739e+21
1.611653161832018084e+21
1.613409953082499662e+21
1.615168169733845680e+21
1.616927755299104752e+21
1.618688747235277275e+21
1.620451124862639407e+21
1.622214721982267130e+21
1.623979686711475569e+21
1.625745910389622964e+21
1.627513448393769484e+21
1.629282467261516874e+21
1.631052799208387510e+21
1.632824551685166203e+21
1.634597650223674425e+21
1.636371966604116492e+21
1.638147637508730520e+21
1.639924574629419549e+21
1.641702874683811824e+21
1.643482608084045791e+21
1.645263687164214903e+21
1.647046166556137226e+21
1.648829921736490222e+21
1.650614963834345751e+21
1.652401297961722315e+21
1.654188917920106021e+21
1.655977977128546730e+21
1.657768368373346599e+21
1.659560172251497890e+21
1.661353347320407392e+21
1.663147712113481089e+21
1.664943441032850178e+21
1.666740417284466016e+21
1.668538706665565848e+21
1.670338463021835485e+21
1.672139525571534127e+21
1.673941995815795950e+21
1.675745786165890122e+21
1.677550793163947901e+21
1.679357132078950121e+21
1.681164728390103597e+21
1.682973694054084641e+21
1.684784062794000761e+21
1.686595781203243565e+21
1.688408882834541642e+21
1.690223224737668268e+21
1.692038868173047464e+21
1.693855767859711181e+21
1.695673947751253279e+21
1.697493579929471681e+21
1.699314509097123185e+21
1.701136845797244797e+21
1.702960532108745376e+21
1.704785394359482450e+21
1.706611605096401207e+21
1.708439050341263606e+21
1.710267807812416700e+21
1.712098012225600750e+21
1.713929516846677230e+21
1.715762413260452135e+21
1.717596599016477688e+21
1.719432002626919858e+21
1.721268709929326215e+21
1.723106664800079839e+21
1.724945996191748850e+21
1.726786693259078402e+21
1.728628745581273547e+21
1.730472160749929628e+21
1.732316775364726096e+21
1.734162704668071559e+21
1.736009857691081507e+21
1.737858279697509515e+21
1.739708159004469363e+21
1.741559311976366080e+21
1.743411857686756590e+21
1.745265726848507052e+21
1.747120760005026382e+21
1.748977120751672099e+21
1.750834702020459626e+21
1.752693595070731649e+21
1.754553908421695635e+21
1.756415517153543586e+21
1.758278498572845187e+21
1.760142733492206436e+21
1.762008190248402026e+21
1.763874916489589162e+21
1.765742879519962038e+21
1.767612227173652103e+21
1.769482895471294284e+21
1.771354926494944330e+21
1.773228296560439722e+21
1.775102822729774793e+21
1.776978668413017129e+21
1.778855713476573397e+21
1.780734019124274659e+21
1.782613766780539372e+21
1.784494772609486946e+21
1.786377153266358157e+21
1.788260826372486463e+21
1.790145653736250278e+21
1.792031782186729341e+21
1.793919116069509792e+21
1.795807761930689446e+21
1.797697794358563570e+21
1.799589118782555030e+21
1.801481793448555577e+21
1.803375680415918719e+21
1.805270796385270366e+21
1.807167141273432228e+21
1.809064711288356340e+21
1.810963675167407210e+21
1.812863911597937525e+21
1.814765510240486294e+21
1.816668424484068262e+21
1.818572456876099240e+21
1.820477797141978808e+21
1.822384317435884339e+21
1.824292090716124086e+21
1.826201283263366169e+21
1.828111719939398697e+21
1.830023510285990756e+21
1.831936556969441624e+21
1.833850750779376271e+21
1.835766213200988602e+21
1.837682864930504835e+21
1.839600829679599878e+21
1.841520139662916321e+21
1.843440740010072998e+21
1.845362664677070602e+21
1.847285754805444936e+21
1.849210084723156845e+21
1.851135596243857965e+21
1.853062320426042262e+21
1.854990445845790589e+21
1.856919799482780221e+21
1.858850502137497780e+21
1.860782489228471960e+21
1.862715573294993506e+21
1.864649940640811188e+21
1.866585467477533917e+21
1.868522240251648279e+21
1.870460402520214733e+21
1.872399796173438452e+21
1.874340518963420856e+21
1.876282456592640115e+21
1.878225537255068402e+21
1.880169847705200230e+21
1.882115330386450973e+21
1.884062128195390931e+21
1.886010221779964396e+21
1.887959606186612621e+21
1.889910285378224390e+21
1.891862077258380607e+21
1.893815116748123800e+21
1.895769297497364365e+21
1.897724671551076827e+21
1.899681444329874260e+21
1.901639413669964808e+21
1.903598708817015603e+21
1.905559252113554145e+21
1.907520873660143108e+21
1.909483747952832020e+21
1.911447760098552185e+21
1.913413011903272190e+21
1.915379615888331244e+21
1.917347440147025363e+21
1.919316565503402836e+21
1.921286858534645924e+21
1.923258294010274644e+21
1.925230913710143046e+21
1.927204687707395326e+21
1.929179780251057127e+21
1.931156110435841475e+21
1.933133734358331163e+21
1.935112619782991774e+21
1.937092564671091180e+21
1.939073752669152346e+21
1.941056050525434282e+21
1.943039527134339531e+21
1.945024377015301571e+21
1.947010400971246535e+21
1.948997724130905162e+21
1.950986253760064651e+21
1.952975845820701868e+21
1.954966653778653610e+21
1.956958576948772864e+21
1.958951734513169859e+21
1.960946198869361820e+21
1.962941874384154132e+21
1.964938819324444934e+21
1.966936878820368056e+21
1.968936084178973753e+21
1.970936421054875959e+21
1.972937893546804380e+21
1.974940689580026233e+21
1.976944663869228057e+21
1.978949921670669533e+21
1.980956407840495895e+21
1.982963910087510065e+21
1.984972633411355148e+21
1.986982439300579197e+21
1.988993410106054935e+21
1.991005721271532782e+21
1.993019185555600310e+21
1.995033918927463514e+21
1.997049811417938264e+21
1.999066753924454679e+21
2.001084868773536072e+21
2.003104075302979240e+21
2.005124512241139319e+21
2.007146201952497172e+21
2.009169096096808436e+21
2.011193224234712957e+21
2.013218407559512195e+21
2.015244744712520729e+21
2.017272153114756252e+21
2.019300677827803742e+21
2.021330526214520046e+21
2.023361501912832672e+21
2.025393737791826297e+21
2.027427160340543832e+21
2.029461570959217525e+21
2.031497168070730842e+21
2.033533819421909582e+21
2.035571622833903895e+21
2.037610725696355697e+21
2.039650962640941351e+21
2.041692434925927530e+21
2.043735013023599821e+21
2.045778632659282690e+21
2.047823373972787167e+21
2.049869182670743798e+21
2.051916219359586419e+21
2.053964445594188513e+21
2.056013872350577033e+21
2.058064493783648829e+21
2.060116104484277715e+21
2.062168870581966995e+21
2.064222662713634980e+21
2.066277544052845445e+21
2.068333734148393665e+21
2.070391013827669393e+21
2.072449521578133684e+21
2.074509168647496008e+21
2.076569779100283306e+21
2.078631534814305190e+21
2.080694315539457638e+21
2.082758236739978658e+21
2.084823407922011701e+21
2.086889696491890541e+21
2.088957182906026426e+21
2.091025715581303652e+21
2.093095285827593568e+21
2.095165919558998426e+21
2.097237595756960678e+21
2.099310499408151314e+21
2.101384519861748892e+21
2.103459739607519461e+21
2.105536110999558685e+21
2.107613409928507032e+21
2.109691846419750322e+21
2.111771272447829213e+21
2.113851767043402498e+21
2.115933534445635109e+21
2.118016362137473253e+21
2.120100382184770896e+21
2.122185488268143362e+21
2.124271536937457943e+21
2.126358682584656380e+21
2.128446823257297388e+21
2.130536094403177480e+21
2.132626556916427915e+21
2.134718122920832401e+21
2.136810845408944456e+21
2.138904548064001262e+21
2.140999289448308146e+21
2.143095028164838031e+21
2.145191783965889397e+21
2.147289768899617227e+21
2.149388800185498075e+21
2.151489007835995963e+21
2.153590323371360649e+21
2.155692522347551261e+21
2.157795823704754881e+21
2.159900079607917838e+21
2.162005384723666305e+21
2.164111918232996938e+21
2.166219485055826788e+21
2.168328204804777050e+21
2.170437951088639082e+21
2.172548623659555881e+21
2.174660337454749057e+21
2.176773015694254801e+21
2.178886816326447530e+21
2.181001739956524941e+21
2.183117756468153811e+21
2.185234884124547744e+21
2.187352919007492309e+21
2.189471995536354836e+21
2.191592002883068625e+21
2.193712997619311051e+21
2.195835212414451450e+21
2.197958420697233228e+21
2.200082769355064214e+21
2.202208172901440946e+21
2.204334426357153923e+21
2.206461736694467265e+21
2.208589965861747687e+21
2.210719226511468790e+21
2.212849662084488626e+21
2.214981106800863478e+21
2.217113661194766385e+21
2.219247176111125692e+21
2.221381606166144221e+21
2.223517013788351267e+21
2.225653354856358871e+21
2.227790812521837101e+21
2.229929314425488278e+21
2.232068902412454724e+21
2.234209552114548736e+21
2.236351032215036494e+21
2.238493545873964794e+21
2.240636940130150777e+21
2.242781291515657847e+21
2.244926830172912746e+21
2.247073321767962935e+21
2.249220912555226038e+21
2.251369499067679244e+21
2.253518906470153585e+21
2.255669317867272143e+21
2.257820611835538178e+21
2.259972921546403217e+21
2.262126343034009289e+21
2.264280752824063885e+21
2.266436225119894897e+21
2.268592585114816872e+21
2.270749854945732723e+21
2.272908030334887526e+21
2.275067107948670747e+21
2.277227299039761400e+21
2.279388451009380221e+21
2.281550673734490391e+21
2.283713908587830968e+21
2.285877907859476316e+21
2.288042908097578271e+21
2.290208747482069598e+21
2.292375518422793978e+21
2.294543428915986956e+21
2.296712257632094650e+21
2.298882140608776110e+21
2.301052953691191247e+21
2.303224563848271888e+21
2.305397117290485383e+21
2.307570516701389521e+21
2.309744918497205420e+21
2.311920358602110140e+21
2.314096770057133097e+21
2.316274192820740555e+21
2.318452423342695907e+21
2.320631564983211131e+21
2.322811531357304127e+21
2.324992368723703366e+21
2.327174313889205584e+21
2.329357145167973057e+21
2.331541013128210809e+21
2.333725834735143354e+21
2.335911378642625888e+21
2.338097873990252757e+21
2.340285166570357654e+21
2.342473367221341258e+21
2.344662650130639356e+21
2.346852819948501729e+21
2.349043995252616593e+21
2.351236028290761490e+21
2.353428840528801169e+21
2.355622527069089432e+21
2.357817022848164430e+21
2.360012510455121314e+21
2.362208951911485800e+21
2.364406352250008502e+21
2.366604708573728997e+21
2.368803785284280910e+21
2.371003769201247126e+21
2.373204512860528968e+21
2.375406087792187408e+21
2.377608747471753183e+21
2.379812238635007214e+21
2.382016720120655643e+21
2.384222090394159022e+21
2.386428146138032374e+21
2.388635096077880001e+21
2.390842801094142722e+21
2.393051393204647100e+21
2.395261000048022913e+21
2.397471466482155127e+21
2.399682885693081649e+21
2.401895083210724344e+21
2.404108048776313176e+21
2.406321810920694088e+21
2.408536345679779856e+21
2.410751864955767620e+21
2.412968242239944786e+21
2.415185570439366181e+21
2.417403795382981886e+21
2.419622658712651956e+21
2.421842401898028597e+21
2.424062853953545568e+21
2.426284105994528096e+21
2.428506392048746103e+21
2.430729467575041262e+21
2.432953483327589319e+21
2.435178316338473992e+21
2.437403804057048973e+21
2.439630120554948723e+21
2.441857149969176723e+21
2.444085048457898230e+21
2.446313883239017087e+21
2.448543554922953572e+21
2.450774122647858446e+21
2.453005381885688283e+21
2.455237405570751791e+21
2.457470138886586892e+21
2.459703608549205606e+21
2.461938059136189071e+21
2.464173275220669366e+21
2.466409408551301153e+21
2.468646378427263222e+21
2.470883929558806954e+21
2.473122310826499768e+21
2.475361353342667194e+21
2.477601167223241048e+21
2.479841954259447841e+21
2.482083492892853666e+21
2.484325917836161057e+21
2.486569081536362578e+21
2.488812876075731255e+21
2.491057425333375992e+21
2.493302645598495703e+21
2.495548720350636278e+21
2.497795641328227844e+21
2.500043381821389406e+21
2.502291957503017615e+21
2.504541130218751394e+21
2.506791065250169881e+21
2.509041627152673931e+21
2.511292882800346661e+21
2.513545101995872354e+21
2.515798019572921008e+21
2.518051804105322529e+21
2.520306354942181900e+21
2.522561443081369420e+21
2.524817300111793062e+21
2.527073770916680303e+21
2.529330987609160155e+21
2.531589105777943511e+21
2.533847942477856637e+21
2.536107607668662206e+21
2.538367925833612394e+21
2.540628858737176609e+21
2.542890463163718828e+21
2.545152697212362818e+21
2.547415775095378412e+21
2.549679596770943828e+21
2.551944226583746707e+21
2.554209626526190666e+21
2.556475528492852707e+21
2.558742173195853890e+21
2.561009382915645637e+21
2.563277248503613489e+21
2.565546027482427163e+21
2.567815454622115430e+21
2.570085693948501164e+21
2.572356622470688539e+21
2.574628051442506662e+21
2.576900179531380818e+21
2.579172874345535504e+21
2.581446293220441457e+21
2.583720530342781125e+21
2.585995458448962617e+21
2.588271153242260898e+21
2.590547407627796087e+21
2.592824269340493742e+21
2.595101709738374595e+21
2.597379739185418076e+21
2.599658606278515098e+21
2.601938113367753359e+21
2.604218400429715751e+21
2.606499392505161187e+21
2.608780812492051841e+21
2.611062927150904508e+21
2.613345554191164113e+21
2.615628804201492513e+21
2.617912903498100376e+21
2.620197607373075907e+21
2.622483064909652820e+21
2.624769127356218999e+21
2.627055661420695781e+21
2.629342815801065341e+21
2.631630490576245228e+21
2.633918871768140349e+21
2.636207975671857152e+21
2.638497749278492459e+21
2.640788223701556920e+21
2.643079156409146278e+21
2.645370696366838252e+21
2.647662716648650965e+21
2.649955284201199108e+21
2.652248675249632051e+21
2.654542622326746251e+21
2.656837300177424351e+21
2.659132607845367284e+21
2.661428293333044167e+21
2.663724608691334283e+21
2.666021384421534859e+21
2.668318754122631217e+21
2.670616897542978273e+21
2.672915607731064275e+21
2.675215009224063451e+21
2.677514923845340365e+21
2.679815290242022769e+21
2.682116188609050051e+21
2.684417562069255586e+21
2.686719629044493582e+21
2.689022310102379004e+21
2.691325646633413116e+21
2.693629613960587641e+21
2.695933933146172555e+21
2.698238846411374330e+21
2.700544169027148710e+21
2.702849992692704739e+21
2.705156596137496936e+21
2.707463695426581955e+21
2.709771466680522768e+21
2.712079785498987463e+21
2.714388440356516528e+21
2.716697651377359290e+21
2.719007271701385839e+21
2.721317461458984894e+21
2.723628337128555414e+21
2.725939748314424541e+21
2.728251784540828205e+21
2.730564234289341792e+21
2.732877125975822828e+21
2.735190451205023728e+21
2.737504207580535194e+21
2.739818649897455321e+21
2.742133592069582094e+21
2.744449166733703905e+21
2.746765302319844164e+21
2.749081701767045972e+21
2.751398648421002248e+21
2.753715947668591608e+21
2.756033711888984441e+21
2.758352188871262863e+21
2.760671113539176890e+21
2.762990647703715185e+21
2.765310639801868747e+21
2.767630935485503767e+21
2.769951704190119576e+21
2.772272832400442524e+21
2.774594510557949198e+21
2.776916773771129913e+21
2.779239548632514953e+21
2.781562878284826411e+21
2.783886513689998655e+21
2.786210592263693140e+21
2.788534995311949513e+21
2.790859787255432610e+21
2.793185254003419644e+21
2.795511123049564340e+21
2.797837575989362688e+21
2.800164510214247678e+21
2.802491653364109541e+21
2.804819275861544927e+21
2.807147195383787028e+21
2.809475548572789244e+21
2.811804535334973211e+21
2.814133928511473189e+21
2.816463864985083183e+21
2.818794162050752315e+21
2.821124740638956847e+21
2.823455699119916974e+21
2.825786968925820944e+21
2.828118774858038903e+21
2.830451051100662399e+21
2.832783823366937117e+21
2.835117076109706920e+21
2.837450518485892334e+21
2.839784397252731601e+21
2.842118520091079868e+21
2.844452980764819063e+21
2.846788077103651750e+21
2.849123507974796476e+21
2.851459460640127058e+21
2.853795807704230920e+21
2.856132318460113322e+21
2.858469231385652494e+21
2.860806387304975303e+21
2.863143950973825712e+21
2.865482056021788590e+21
2.867820533963401200e+21
2.870159485196962365e+21
2.872498691626593419e+21
2.874838169016839700e+21
2.877177922612610204e+21
2.879517941328947184e+21
2.881858488655407481e+21
2.884199382947699622e+21
2.886540754456218173e+21
2.888882532483764584e+21
2.891224401666498888e+21
2.893566661126883639e+21
2.895909104855481844e+21
2.898251848492401558e+21
2.900595158167356703e+21
2.902938751050193043e+21
2.905282800086788604e+21
2.907627149047617290e+21
2.909971627281315529e+21
2.912316420621034062e+21
2.914661404824949490e+21
2.917006776892368355e+21
2.919352584273003545e+21
2.921698739675680211e+21
2.924045294481965580e+21
2.926391990678438543e+21
2.928738959930846872e+21
2.931086090546737316e+21
2.933433442428221653e+21
2.935781314687623758e+21
2.938129426269222207e+21
2.940477966650989085e+21
2.942826830041655542e+21
2.945175726415029469e+21
2.947524942658126479e+21
2.949874285192316715e+21
2.952223895462008062e+21
2.954573989174289367e+21
2.956924322922305159e+21
2.959275043569365156e+21
2.961625961726520852e+21
2.963976986709486207e+21
2.966328229258351084e+21
2.968679612820001653e+21
2.971031371056186130e+21
2.973383443768941216e+21
2.975735849213446586e+21
2.978088576208687071e+21
2.980441322010805010e+21
2.982794337635896656e+21
2.985147426381525680e+21
2.987500684077569147e+21
2.989854425581119078e+21
2.992208333756081111e+21
2.994562606174231331e+21
2.996917110629676876e+21
2.999271601170973983e+21
3.001626331387366212e+21
3.003981132124085289e+21
3.006336174846580359e+21
3.008691604551365558e+21
3.011047240207812264e+21
3.013403189816508547e+21
3.015759226217282666e+21
3.018115360171166269e+21
3.020471603059382813e+21
3.022827939775968707e+21
3.025184645363326779e+21
3.027541534415703245e+21
3.029898740401452876e+21
3.032256190724571136e+21
3.034613553336049730e+21
3.036971142637511770e+21
3.039328742087045153e+21
3.041686472250997342e+21
3.044044614200529519e+21
3.046402870011404222e+21
3.048761422093367640e+21
3.051120107417904873e+21
3.053478744411295187e+21
3.055837530486808773e+21
3.058196333910186525e+21
3.060555360683679547e+21
3.062914663184257253e+21
3.065274147608654250e+21
3.067633869263501001e+21
3.069993558310931923e+21
3.072353350059131142e+21
3.074713130379174216e+21
3.077072960410059014e+21
3.079433328636414919e+21
3.081793591122344280e+21
3.084154055825863213e+21
3.086514520529382670e+21
3.088875087042743632e+21
3.091236029808705012e+21
3.093597076059832451e+21
3.095958200186995474e+21
3.098319339927592501e+21
3.100680528691473154e+21
3.103041717455353283e+21
3.105403134272848527e+21
3.107764571161665995e+21
3.110126033399967121e+21
3.112487543228237611e+21
3.114849053056508101e+21
3.117210562884778590e+21
3.119572530346483253e+21
3.121934648729033245e+21
3.124296699467862114e+21
3.126658993705604088e+21
3.129020961046766027e+21
3.131382826440181416e+21
3.133745147329305903e+21
3.136107456101727338e+21
3.138469817373008331e+21
3.140832173603581067e+21
3.143194512065666482e+21
3.145556850527751897e+21
3.147919188989837312e+21
3.150281527451922727e+21
3.152644120132317086e+21
3.155006800537500778e+21
3.157369305840674669e+21
3.159732123166406869e+21
3.162094940492139594e+21
3.164457445960301150e+21
3.166820031018433511e+21
3.169182623406921089e+21
3.171545226816569999e+21
3.173907866998951903e+21
3.176270507140160946e+21
3.178633100494449410e+21
3.180995693848737874e+21
3.183358335838441177e+21
3.185720992260538499e+21
3.188083543687352549e+21
3.190446072925929865e+21
3.192808693603025551e+21
3.195171245321844425e+21
3.197533767156815102e+21
3.199896334157294338e+21
3.202258901157773050e+21
3.204621468158252286e+21
3.206983899179968365e+21
3.209345926324475658e+21
3.211708295594055827e+21
3.214070880595465470e+21
3.216433223624076296e+21
3.218795405507457712e+21
3.221157401204755530e+21
3.223519389721581060e+21
3.225881303614655300e+21
3.228243223810405827e+21
3.230605175319899931e+21
3.232966998564077568e+21
3.235328455644297036e+21
3.237689912724515979e+21
3.240051369804734923e+21
3.242412894512770712e+21
3.244774616540035154e+21
3.247136308485682627e+21
3.249497453605867225e+21
3.251858332289926693e+21
3.254219249694464803e+21
3.256580187871837159e+21
3.258941820396280218e+21
3.261302731253552775e+21
3.263663837238825320e+21
3.266024781328278880e+21
3.268385725417731916e+21
3.270745976250359611e+21
3.273106360100022387e+21
3.275466570745542345e+21
3.277826759114350395e+21
3.280186690268862874e+21
3.282546604484868964e+21
3.284906518700875055e+21
3.287265853528267555e+21
3.289625241868757893e+21
3.291984330205723361e+21
3.294343415566884667e+21
3.296702461223544291e+21
3.299061497223506821e+21
3.301420202369388904e+21
3.303778907515270988e+21
3.306137612661153071e+21
3.308495806556097479e+21
3.310853702503599964e+21
3.313211481623866900e+21
3.315569079159752229e+21
3.317926827485501063e+21
3.320284452196720837e+21
3.322641716161746043e+21
3.324998685946899071e+21
3.327355486773102772e+21
3.329712287599305949e+21
3.332068671864642732e+21
3.334424915277748634e+21
3.336781158690854535e+21
3.339136899773125624e+21
3.341492529845717434e+21
3.343848159918309245e+21
3.346203746805652390e+21
3.348559271163479982e+21
3.350914419680135873e+21
3.353269403691133698e+21
3.355624501919947424e+21
3.357979533735151272e+21
3.360334412257315783e+21
3.362688329973673492e+21
3.365042126576190226e+21
3.367395557165334266e+21
3.369749291816624587e+21
3.372103068497552081e+21
3.374456573712756376e+21
3.376809862574548451e+21
3.379162498443777671e+21
3.381514391680144376e+21
3.383866108580601004e+21
3.386217371085255999e+21
3.388568504277595062e+21
3.390919588951047012e+21
3.393270872556479971e+21
3.395621922056514830e+21
3.397972876529249550e+21
3.400323614310850363e+21
3.402674176729108447e+21
3.405024272408831328e+21
3.407373299891460112e+21
3.409722127687099089e+21
3.412070873309602906e+21
3.414419837655155474e+21
3.416768070999415456e+21
3.419115779137397588e+21
3.421463276430911603e+21
3.423811348575116853e+21
3.426159581637523276e+21
3.428507026112952402e+21
3.430853814434912010e+21
3.433200096763620884e+21
3.435546521425392173e+21
3.437892835387581661e+21
3.440238688869904548e+21
3.442584214396807938e+21
3.444928800588176032e+21
3.447273212965602984e+21
3.449617064798852219e+21
3.451960565964330238e+21
3.454303762905095471e+21
3.456646675137820623e+21
3.458990023132238578e+21
3.461332673080259510e+21
3.463675163402034479e+21
3.466017337505434042e+21
3.468358827230519362e+21
3.470699794138705953e+21
3.473040761046892020e+21
3.475380954573999964e+21
3.477721109023207981e+21
3.480060830279877001e+21
3.482400186891306009e+21
3.484739488779284775e+21
3.487078243515225866e+21
3.489416656921972179e+21
3.491754585508755800e+21
3.494092054252639748e+21
3.496429188124328854e+21
3.498766046993884643e+21
3.501102585294251098e+21
3.503438899293899457e+21
3.505774923703495164e+21
3.508110527492161274e+21
3.510445404682663231e+21
3.512780229927934362e+21
3.515114333708649234e+21
3.517447780607875088e+21
3.519780846159522169e+21
3.522113616869801853e+21
3.524446289338017251e+21
3.526779041416174109e+21
3.529111300347649327e+21
3.531443371412251214e+21
3.533774975136133808e+21
3.536106198482960777e+21
3.538436453920142787e+21
3.540766175517407707e+21
3.543095463802158186e+21
3.545423898778722107e+21
3.547752691621993906e+21
3.550081374987532894e+21
3.552409404492848038e+21
3.554736673171436470e+21
3.557063083135708168e+21
3.559389350249478750e+21
3.561715235398071878e+21
3.564040839899537474e+21
3.566365827951304376e+21
3.568690400575356928e+21
3.571014385040392978e+21
3.573337874458312442e+21
3.575661196854306013e+21
3.577983948089437716e+21
3.580306439417112297e+21
3.582628551201877656e+21
3.584949891664915726e+21
3.587270808394855875e+21
3.589591036856078172e+21
3.591910709638075515e+21
3.594230237414428770e+21
3.596549253473011499e+21
3.598867932852896399e+21
3.601186036895044862e+21
3.603503535509666267e+21
3.605820457949887201e+21
3.608136788384098025e+21
3.610452767311124759e+21
3.612768328336578970e+21
3.615083457507812704e+21
3.617398212135716651e+21
3.619712306691619946e+21
3.622025751295362597e+21
3.624338592233992225e+21
3.626650784151946396e+21
3.628962735320307073e+21
3.631274149203810976e+21
3.633585202726524420e+21
3.635895738743799677e+21
3.638205516521032647e+21
3.640514776430462108e+21
3.642823356215708353e+21
3.645131428306120344e+21
3.647439198770018910e+21
3.649746387929021809e+21
3.652053206740805616e+21
3.654359442488288084e+21
3.656664862257124475e+21
3.658969733861087379e+21
3.661273886975850971e+21
3.663577636775062405e+21
3.665880916943116960e+21
3.668183769321836642e+21
3.670486135030566355e+21
3.672787652703390532e+21
3.675088662867793674e+21
3.677388922044515090e+21
3.679688550494455202e+21
3.681987917198287438e+21
3.684286614116039655e+21
3.686584926186151346e+21
3.688882700984108712e+21
3.691179555356151382e+21
3.693475875189153595e+21
3.695771417802063217e+21
3.698066412729619448e+21
3.700361025319354761e+21
3.702655072453020090e+21
3.704948640107029594e+21
3.707241426452581712e+21
3.709533571923344097e+21
3.711824959096337465e+21
3.714115644761611174e+21
3.716405957502069375e+21
3.718695636618773004e+21
3.720984878967989207e+21
3.723273591324010349e+21
3.725561357939666584e+21
3.727848554727772520e+21
3.730134925192070693e+21
3.732420629992194966e+21
3.734705991366969655e+21
3.736990685285474894e+21
3.739274894361685393e+21
3.741558400145636721e+21
3.743841075243869274e+21
3.746123076084632650e+21
3.748404286529960149e+21
3.750684956754239291e+21
3.752965136703220613e+21
3.755244711084623921e+21
3.757523766112420889e+21
3.759801965501620421e+21
3.762079443955561267e+21
3.764356096039490421e+21
3.766631987363217146e+21
3.768907519696594534e+21
3.771182322439126254e+21
3.773456625653690925e+21
3.775730278379440570e+21
3.778002968846665777e+21
3.780275025299529794e+21
3.782546218071947215e+21
3.784816731185199710e+21
3.787086836267359928e+21
3.789356214075092107e+21
3.791625070187298423e+21
3.793893152220630745e+21
3.796160333430307422e+21
3.798426763955683197e+21
3.800692355511897555e+21
3.802957440184088003e+21
3.805221847697342333e+21
3.807485707661596951e+21
3.809748937991639794e+21
3.812011146588158689e+21
3.814272710440736784e+21
3.816533352977820811e+21
3.818793204750767620e+21
3.821052670681591841e+21
3.823311332789778383e+21
3.825569458978415444e+21
3.827826867739363377e+21
3.830083248032011780e+21
3.832338917204198162e+21
3.834593679741403791e+21
3.836847783366381011e+21
3.839101325621822751e+21
3.841354171367910015e+21
3.843606397674172973e+21
3.845857693036418957e+21
3.848108175888584540e+21
3.850357764275854377e+21
3.852606490034755338e+21
3.854854723736243798e+21
3.857102172833144373e+21
3.859349049076688617e+21
3.861595240149859959e+21
3.863840327015477019e+21
3.866084706225176445e+21
3.868328122001494376e+21
3.870570752054355034e+21
3.872812887036007547e+21
3.875054212197170282e+21
3.877294919566912127e+21
3.879534778770964611e+21
3.881773641250015019e+21
3.884011691545812009e+21
3.886248798266107363e+21
3.888489409689939870e+21
3.890739058965314798e+21
3.891033911818112205e+21
3.889769644358744146e+21
3.890393914799771091e+21
3.890480105827319415e+21
3.888212815045482512e+21
3.884484277404782035e+21
3.879397986264135238e+21
3.873419508528465838e+21
3.866906250197638054e+21
3.860029219145367683e+21
3.852898184397236208e+21
3.846887734877098082e+21
1.938854911501397918e+21
1.076002397460127285e+21
1.548291124025439814e+21
2.060361135773123871e+21
2.546844753814978822e+21
2.953605101523214270e+21
3.257965488258724397e+21
3.418400739680339886e+21
3.573486401086216995e+21
3.665955724309026046e+21
3.723641739411338559e+21
3.759756935496805122e+21
3.784478927504062546e+21
3.801018133630936941e+21
3.812339098442319004e+21
3.818787347564847956e+21
3.822237191958368354e+21
3.822159239511251878e+21
3.819682934611625116e+21
3.816070858449588060e+21
3.810919606856547041e+21
3.805088089738213589e+21
3.800930826433042317e+21
3.799136484436759020e+21
1.239019706748330050e+21
1.714945048711177699e+21
2.191978794672790176e+21
2.614662932825410896e+21
2.973654616824092819e+21
3.251514748943715533e+21
3.451592258246671335e+21
3.588897731242852090e+21
3.680625537042016109e+21
3.741388948690897994e+21
3.782767578292291633e+21
3.805184125483920392e+21
3.819203575837746528e+21
3.826303276550075711e+21
3.831392138693125341e+21
3.833768733343976784e+21
3.832952952187478082e+21
3.830127994957780222e+21
3.825611393909101953e+21
3.821075240447802081e+21
3.815580785570084815e+21
3.808959447205865849e+21
3.802130789714096030e+21
3.797428660336390046e+21
2.066246645557910569e+21
2.535743879058238210e+21
2.925118403098551255e+21
3.218721173807413854e+21
3.380793305094465520e+21
3.522827510493281780e+21
3.613347371880846721e+21
3.676867214482414240e+21
3.720591024779121132e+21
3.744187371573792997e+21
3.758972230585598607e+21
3.766747279609153716e+21
3.769916752047923790e+21
3.770080534914941321e+21
3.768281699109862638e+21
3.765169268764345106e+21
3.760608543565813907e+21
3.755143692695911268e+21
3.750074561189204460e+21
3.747002953171961643e+21
3.746467689815730553e+21
3.748217532329298493e+21
3.751740438123151098e+21
3.756468134970155598e+21
3.761991601517495321e+21
3.767846217262896251e+21
3.773711285211753349e+21
3.778255185513584525e+21
3.779527373899445567e+21
3.780314522399518753e+21
3.780541021347928080e+21
3.778689165097387950e+21
3.775194547543530799e+21
3.772214215822425457e+21
3.770654440312868438e+21
3.768243967620712759e+21
3.765265649099543675e+21
3.762547466036753465e+21
3.761103734064340795e+21
3.761931438688502284e+21
3.762124851952783720e+21
3.760059596140510183e+21
3.756643996400863412e+21
3.751506699496250147e+21
3.745605772647335985e+21
3.740318440590379844e+21
3.736655887918471578e+21
3.734804427242061955e+21
3.734480894837292270e+21
3.735317394522396164e+21
3.736972616712063025e+21
3.739193031116126683e+21
3.741796299102786421e+21
3.744798466235797864e+21
3.746505699570215289e+21
3.745699145373063315e+21
2.445472581110199747e+21
2.575871108717774111e+21
2.961164172618665296e+21
3.238059671209435464e+21
3.411981765542175834e+21
1.340969144318174167e+21
1.778616965517974438e+21
2.234589469979491434e+21
2.614360964169449079e+21
2.918821373008612426e+21
3.147767092399999287e+21
3.315122521992883864e+21
3.445513730485021835e+21
3.537624124324428382e+21
3.609027896516654662e+21
1.728742232293434458e+21
2.230930389418167763e+21
2.661292039245690044e+21
2.954715755899308212e+21
3.176276243208258716e+21
3.348371931829629878e+21
3.456909005810931597e+21
3.522071215233353384e+21
3.569797373463506715e+21
3.607459198007565615e+21
3.634828527071026217e+21
3.650449218001369039e+21
3.660890708814654865e+21
3.665566857193430450e+21
3.667840077670548242e+21
3.669837003654252986e+21
3.671175633642728718e+21
3.670436308914630820e+21
3.667946970253161923e+21
3.665607846179474768e+21
3.661303636420964909e+21
3.656213137910808445e+21
3.649890399506152292e+21
3.643761677525694022e+21
3.640215332260676108e+21
3.638960770747583169e+21
5.986290241480057160e+20
8.672450667921664901e+20
1.233246744874072408e+21
1.632171980240824566e+21
1.968642872865766244e+21
2.266352139759721906e+21
2.584997382370946449e+21
2.848671216679526597e+21
3.079660139769337741e+21
3.247918754779884421e+21
3.388787067706190332e+21
3.474903640303875916e+21
3.523182343107438445e+21
3.556925524530589336e+21
3.573553255530965762e+21
3.582713030423164748e+21
3.587592957095050215e+21
3.588977193519593554e+21
3.587798038162419745e+21
3.586310975457428767e+21
3.586076793432719753e+21
3.586853735199620989e+21
3.588713386256155804e+21
3.591839327860149453e+21
3.595971674303171133e+21
3.600764070888035844e+21
3.605177995820383338e+21
3.608410409754692682e+21
3.612020798211927572e+21
3.615767396974360789e+21
3.618851822712551113e+21
3.622824985736041726e+21
3.625957599604354580e+21
2.676431325725064167e+21
1.199636600406528492e+21
1.657263583194938868e+21
2.132022150363394867e+21
2.577203048956497494e+21
2.877571028913122968e+21
3.082408324391171523e+21
3.247039503571979600e+21
3.376204055726766162e+21
3.450057718151427654e+21
3.503455829329260839e+21
3.533628914752310739e+21
3.556707446291363267e+21
3.048522666074760020e+21
3.246356626594082587e+21
3.382482281401280365e+21
3.462721264259330736e+21
3.515162261784532877e+21
3.545376870876812149e+21
3.565428448354038186e+21
3.574746660030472258e+21
3.579160620771442164e+21
3.580790887798310175e+21
3.580269664214913122e+21
3.580361976834401763e+21
3.582484413323737039e+21
3.586073234789226250e+21
3.590317554052014014e+21
3.591878729170736382e+21
3.590977841228915671e+21
3.588538636815770321e+21
3.585058617791377048e+21
3.580894506527503679e+21
3.574956725878239265e+21
3.568579663264474989e+21
3.563863268021383987e+21
3.562715232210079711e+21
3.563737638321501766e+21
3.566409775562509779e+21
3.570250923455036785e+21
3.574629203589154210e+21
3.577938889287862845e+21
3.578702125269734916e+21
3.577250869161518170e+21
3.574343205965847331e+21
3.570374591262183916e+21
3.565300667954283151e+21
3.562005755852272697e+21
3.560232142431126028e+21
3.560764241056592036e+21
3.562731191728087237e+21
3.563688465837887324e+21
3.564375338162376933e+21
3.566374473836976931e+21
3.566904931004092776e+21
3.566233703270735938e+21
3.565072326921349497e+21
3.561681670687715492e+21
3.557460708494204207e+21
3.554218556815384248e+21
3.552988102735585346e+21
3.553223721921446674e+21
3.553605844559429370e+21
3.552906909615589949e+21
3.550661650448310075e+21
3.547251076814734885e+21
3.542330367074935767e+21
3.536884097842652119e+21
3.530642269736916222e+21
3.524599126929350066e+21
3.518725991960472977e+21
3.514347945741401457e+21
3.511420310544233529e+21
3.508648747474461131e+21
3.505328327205599052e+21
3.503156764357574525e+21
3.503253109059539173e+21
3.505395047856839590e+21
3.506635989814284386e+21
3.505749150093205307e+21
3.502828101408749781e+21
3.498586371725446349e+21
3.493672671455175246e+21
3.489487121373786538e+21
3.488472116504339939e+21
3.490113968604626026e+21
3.492340808622332707e+21
3.494963793107787186e+21
3.498962046407018021e+21
3.501921124180666352e+21
3.502811365805847478e+21
3.503119355868855927e+21
3.502480886930122211e+21
3.499747063260404777e+21
3.495809957742052901e+21
3.491892695180573671e+21
3.490419791804616933e+21
3.491137228905023275e+21
3.491567834899549258e+21
3.492457723331315499e+21
3.494548068697327534e+21
3.495296702684864709e+21
3.493808233555361268e+21
3.490689893021767959e+21
3.486794337620670808e+21
3.483068537784627102e+21
3.478172721255300465e+21
3.473228161421569688e+21
3.470314093251560210e+21
3.468286442178730787e+21
3.466294442548055769e+21
3.464895095969281475e+21
3.465315933029007884e+21
3.467771475577008554e+21
3.470282647155764101e+21
3.470641961262817214e+21
3.468727319573531984e+21
3.465201012490666246e+21
3.461082628269236290e+21
3.458676354435482386e+21
3.459319274139302756e+21
3.461539410482768118e+21
3.462784833381518541e+21
3.463552106775008248e+21
3.465362432066336588e+21
3.468365226651029078e+21
3.471149769866641146e+21
3.471912166167485612e+21
3.470603991032074338e+21
3.467950184372255588e+21
3.463875021457365926e+21
3.458894368541008462e+21
3.455614983975792542e+21
3.454122609402905100e+21
3.452015685347837477e+21
3.449047399687185236e+21
3.447867768872250638e+21
3.449138786684525609e+21
3.450333597323389567e+21
3.449920015579315962e+21
3.447921334754933735e+21
3.444960695078540018e+21
3.441559777725585031e+21
3.439026312601630933e+21
3.439257699671096164e+21
3.439683373285122245e+21
1.232756732980864221e+21
1.676234677466062914e+21
2.141372412811178934e+21
2.489509969808977822e+21
2.747224233545875587e+21
2.933348471484111127e+21
3.089617344507601748e+21
3.193317156340651524e+21
3.269643221964176228e+21
3.325225291597507199e+21
3.362911755470617182e+21
3.388533061583093891e+21
3.403608098461907943e+21
3.411908832205326516e+21
3.415969205798083494e+21
3.417058120255315378e+21
3.416350112499119423e+21
3.413868727787910595e+21
3.410563376819315671e+21
3.407137551533446005e+21
3.402905303654301434e+21
3.399603491194619822e+21
3.398606619871829557e+21
5.098008440078971699e+20
7.968670592066412872e+20
1.156782684618071081e+21
1.544006449995989910e+21
1.940842501129346482e+21
2.292735262592511771e+21
2.609253390418496193e+21
2.841867121688061149e+21
3.008949638245105271e+21
3.139107654537316925e+21
3.231348615559502627e+21
3.298554740137690399e+21
3.338545537384290714e+21
3.360397928645636653e+21
3.372074022522517455e+21
3.378889420649350562e+21
3.383757760390513033e+21
3.387837236201759179e+21
3.390158387845794365e+21
3.390956969559640769e+21
3.390327122219487461e+21
3.389255038469429789e+21
3.390170562027234263e+21
3.390849432655561228e+21
3.389666631072662684e+21
3.389550489322351755e+21
3.390988721761923629e+21
3.392483312272637690e+21
3.394357788381505126e+21
3.395666097211285963e+21
3.396218576156014150e+21
3.395579757448380023e+21
3.393915120371306070e+21
3.393690865540964811e+21
3.395752752977705697e+21
3.399259904239561867e+21
3.401696873987975414e+21
3.401409420214624322e+21
3.400843706165793653e+21
3.401267729233160962e+21
3.402367491263517688e+21
3.404018382632066220e+21
3.406612439730708021e+21
3.408347871379255198e+21
3.409378730109246636e+21
3.411786180673374519e+21
3.414211337070816788e+21
3.414968985264298394e+21
3.414230294091594727e+21
3.412107434859947885e+21
3.409226285549101253e+21
3.406179715224607130e+21
3.403691595336448475e+21
3.404187706509042909e+21
3.406812722482150638e+21
3.410469070055385072e+21
3.413799514685322559e+21
3.417420874676438565e+21
3.421734117789851451e+21
3.425979247496815706e+21
3.428661890546739446e+21
3.428903798131215303e+21
3.428866448665308299e+21
3.430532203353318883e+21
3.432709418718115922e+21
3.435632485929978954e+21
3.438469841224618476e+21
3.439806541797475746e+21
3.439321405554107613e+21
3.438311994670930461e+21
3.438988628286796988e+21
3.441235331234467414e+21
3.442379387700701561e+21
2.017412849932390629e+21
2.441553534449700307e+21
2.766428294124007850e+21
2.970890408009029648e+21
3.119845986040618156e+21
3.227592240413196943e+21
3.293124876921756713e+21
3.335391880055775822e+21
3.366015327417667682e+21
3.387524890939299463e+21
3.401725143602550014e+21
3.411693679080944173e+21
2.484711788320470860e+21
2.782715446819314729e+21
3.007252847556753883e+21
3.156727608567471276e+21
3.250000779043164127e+21
3.311413718087590478e+21
3.351434157019667366e+21
3.378881176214655468e+21
3.394115448925975478e+21
3.404484727590818415e+21
3.411936225487010398e+21
3.416404270816496714e+21
3.420531884624317514e+21
3.424822251252264468e+21
3.428611514822432391e+21
3.430667640785771954e+21
3.431604853745477222e+21
3.431250307119619506e+21
3.428953517894694601e+21
3.425519947928244322e+21
3.421799728225728332e+21
3.417923991166007640e+21
3.415792255951180923e+21
3.415020390868672578e+21
3.413040091949494174e+21
3.411741268751943205e+21
3.412393624153532400e+21
3.414782885233084072e+21
3.415885101519542944e+21
3.415519710254969389e+21
3.414116874654634738e+21
3.411061970411533631e+21
3.407582832572671459e+21
3.406207517221051171e+21
3.406782286289693049e+21
3.408346365158943097e+21
3.409056367908792828e+21
3.409478464445014344e+21
3.410727960071362839e+21
3.412646054415626142e+21
3.413364800702488510e+21
3.412325117397920383e+21
3.410054479121230594e+21
3.406588746788210999e+21
3.402889676560291856e+21
3.401415487806589895e+21
3.402803814622128243e+21
3.039638744842999693e+21
2.701316944713560883e+21
2.948388129378284339e+21
3.115448841442889302e+21
3.226814041844063666e+21
3.283710326708304347e+21
3.322063768637516808e+21
3.344547846425873482e+21
3.356653440069877105e+21
3.364658074089389818e+21
3.370699404332221596e+21
3.375936248403223118e+21
3.381174729433441370e+21
3.385209571414165684e+21
3.388569257096235713e+21
3.392483825479028048e+21
3.396835700738192572e+21
3.400306302171320680e+21
3.401829193403985822e+21
3.401137959319965270e+21
3.398660036618132914e+21
3.394912382748222554e+21
3.391901378036103119e+21
3.390844025175936074e+21
3.390684605761947435e+21
3.389435689527191536e+21
3.388947855070154719e+21
3.389655292985690554e+21
3.390482189127294386e+21
3.392080582710561079e+21
3.394295498234817151e+21
3.396793233780554858e+21
3.398172242517883355e+21
3.399875630762863100e+21
3.403311930957770523e+21
3.407849598454210757e+21
3.411589477408256819e+21
3.414499120691789955e+21
3.418432114858465427e+21
3.422712884272565322e+21
3.426995158127177892e+21
3.430801487429960729e+21
3.432650204687754068e+21
3.432083427832946491e+21
3.429608946185176351e+21
3.425986540774594445e+21
3.422813973096783413e+21
3.422723385761077395e+21
3.424324980065653228e+21
3.425441983837521314e+21
3.426150775304705540e+21
3.426223938170921157e+21
3.424649563613308125e+21
3.423161000397732053e+21
3.421819638685386670e+21
3.419027919038785782e+21
3.415043535023737143e+21
3.411542137866795614e+21
3.409463434592528105e+21
3.405817505375902499e+21
3.402373436547978494e+21
2.953612509786228654e+21
3.116551090950367609e+21
3.225395640955205321e+21
3.289035656609288159e+21
3.334056376714173874e+21
3.353652954950175556e+21
3.366251002062306279e+21
3.372443901663814615e+21
3.376330601227136532e+21
3.377469026110126162e+21
3.378604025988638048e+21
3.381827086177074676e+21
3.385759897360113074e+21
3.388569890248546320e+21
3.388961950243368206e+21
3.389746471056417227e+21
3.390023129425255072e+21
3.388092447140029137e+21
3.384731339637763080e+21
3.380846135595937825e+21
3.377300019925507637e+21
3.373023323975420740e+21
3.367659987860537737e+21
3.362283811850366747e+21
3.358061944726158311e+21
3.356167217942312255e+21
3.355601241059772858e+21
3.356524448428178538e+21
3.359001222986097754e+21
3.359730108599167877e+21
3.358198978314105782e+21
3.355115124663682859e+21
3.351118642497249608e+21
3.346454873766018679e+21
3.342416379128346313e+21
3.338680608053555364e+21
3.337534168721467113e+21
3.338572284122847248e+21
3.341241631915183702e+21
3.342378707232542425e+21
3.341137349161532785e+21
3.338158363355816395e+21
3.334308263953894998e+21
3.329775840944511779e+21
3.324164065447726547e+21
3.319990794219440570e+21
3.318628249793957724e+21
3.319460774201172951e+21
5.955927004561999135e+20
8.765699275512329011e+20
1.203532190365434511e+21
1.582857694177368474e+21
1.917427645579537416e+21
2.219602653901196362e+21
2.507806653379429532e+21
2.712161192679666352e+21
2.879063007272211841e+21
3.011614200187719778e+21
3.117398473015303864e+21
3.192568410854742557e+21
3.236781035170319303e+21
3.264936247292224602e+21
3.283082691728634282e+21
3.296340894929519641e+21
3.303127293362935693e+21
3.305824997797705810e+21
3.305558190319083717e+21
3.303391253284744331e+21
3.300270459769753436e+21
3.299126522066727076e+21
3.300851976751915467e+21
3.304133260337923752e+21
3.307213691730580734e+21
3.308444113163508515e+21
3.309863711092107117e+21
3.312574587811749954e+21
3.313751936426863231e+21
3.312556327809602552e+21
3.310783283123588694e+21
3.309131688912793633e+21
3.307611382384867410e+21
3.306390160505312903e+21
3.305426353458922390e+21
3.304262236818323800e+21
3.303137458104373871e+21
3.302076671264528269e+21
3.301490906926569488e+21
3.300924552794702086e+21
3.299773354843625226e+21
3.297982821167475458e+21
3.295180702205484728e+21
3.291046127217272685e+21
3.287623772695509336e+21
3.286079293548837470e+21
3.284899469857780138e+21
3.283218917768764064e+21
3.282305321414119916e+21
3.281613421288102560e+21
3.281024153693300195e+21
3.280428038236749693e+21
3.278892290415219704e+21
3.276259263493355078e+21
3.272516257793932526e+21
3.268501309219811623e+21
3.265722519736235327e+21
3.263482051597992198e+21
3.262212353975042179e+21
3.262501083688895775e+21
3.263052817350914474e+21
3.263255125035920654e+21
3.262820091478304883e+21
3.263789578734437663e+21
3.266457974989240402e+21
3.268449421551446000e+21
3.269366074465458323e+21
3.270991622239990317e+21
3.274335956492548047e+21
3.278752724973462225e+21
3.281827511591230243e+21
3.282165923540377272e+21
3.281255124774978322e+21
3.279499293288998896e+21
3.279127001919974801e+21
3.281316053777708483e+21
3.284257214356577583e+21
3.285218078149173576e+21
3.284042377363114689e+21
3.281899185111630348e+21
3.280250707094167093e+21
3.280747356258722906e+21
3.283468195439888040e+21
3.285771698889844326e+21
3.285736163000066769e+21
3.285051212331304878e+21
3.285829157776339239e+21
3.288367354751357026e+21
3.291600155163155759e+21
3.295021201621542502e+21
3.296937807327054004e+21
3.296411384382624367e+21
3.295640586272497467e+21
3.295108947708927279e+21
3.294035672342076064e+21
3.292538139512776163e+21
3.290282777632281985e+21
3.288750299490817671e+21
3.288629218889943220e+21
3.290109448042425876e+21
3.291563312546644492e+21
3.291590064965443125e+21
3.290144885299401458e+21
3.288174736352143213e+21
3.286212333132667945e+21
3.284141163776645267e+21
3.283855528856065147e+21
3.283603381759462343e+21
3.283399504120489443e+21
3.284786723114290512e+21
3.287689097689749258e+21
3.289327001816768971e+21
3.290720185117901849e+21
3.292706614640810918e+21
3.292911112264687288e+21
3.291102230095559918e+21
3.287771850311653130e+21
3.284787739235396878e+21
3.284931281521163633e+21
5.592598770972498330e+20
8.554233191082059366e+20
5.263504908627913605e+20
7.879075726877215949e+20
1.107012725660242149e+21
1.475816263211098309e+21
1.858241150787572466e+21
2.202493347040886784e+21
2.516847327318279979e+21
2.761341527837057745e+21
2.953034267042167914e+21
2.642082534110303617e+21
2.885193251907915219e+21
3.044398800095038407e+21
3.145058264710946226e+21
3.205008943524451189e+21
3.240467160884280558e+21
3.262782139675519746e+21
3.276042829003877253e+21
3.282977119512900927e+21
3.285868577412116644e+21
3.287510187437246644e+21
3.290197421528061575e+21
3.293401108727629087e+21
3.294706536996565156e+21
1.441964908647578862e+21
1.888482500939970511e+21
2.278291619047198163e+21
2.580351680750436745e+21
2.801104535000417567e+21
2.955118111651096166e+21
3.060590106402197340e+21
3.133999119753261613e+21
3.185774905321260581e+21
3.221575088588981797e+21
3.247533361840684270e+21
1.911142281077938455e+21
1.870346869279860195e+21
1.518580110111493849e+21
1.919154816837733843e+21
2.257741822905538839e+21
2.530379164133393170e+21
2.735164801068619006e+21
2.890684690243701441e+21
3.004837856007792099e+21
3.090804932001289732e+21
3.153712229625251758e+21
3.198027171332692115e+21
3.227176693539771253e+21
1.325003384703393989e+21
1.611254270414074151e+21
2.024207343342308557e+21
2.362436679016587985e+21
2.622152308922854670e+21
2.813628902177196474e+21
2.952299804188415623e+21
3.053297329651756040e+21
3.125261239687355826e+21
3.177197924309078114e+21
3.210856118675193725e+21
3.229586306356151845e+21
3.239712995380776927e+21
3.245269787530679026e+21
3.250443188105942401e+21
3.255623735108894720e+21
3.259827968894546477e+21
3.261866144585052848e+21
3.261754491735393174e+21
3.260406500752359424e+21
3.259720918004049904e+21
3.261168890441135817e+21
3.263525226757619712e+21
3.265276196246101950e+21
3.265407120898241069e+21
3.263799138919571259e+21
3.263130989825643512e+21
3.264222066143273157e+21
3.265205658662970327e+21
3.264587525649042244e+21
3.262299048802041463e+21
3.258982535855365161e+21
3.256054979212907905e+21
3.255440527595090215e+21
3.256441198856388477e+21
3.257150988806217269e+21
1.455941286818692727e+21
1.901236478262543385e+21
2.290571230361201410e+21
2.584807213938716967e+21
2.797568204240628744e+21
2.944536311379069501e+21
3.046505433915052786e+21
3.116984496648361083e+21
3.166928197690591805e+21
3.202517122709132935e+21
3.226038487311083635e+21
7.750805755748390011e+20
9.454590108081709384e+20
3.440643921295973417e+20
5.369360843848425800e+20
7.886222334065938268e+20
1.088488616854461743e+21
1.422038815411027837e+21
1.762953696834817884e+21
2.101852359285592031e+21
2.415316490451464749e+21
2.683644776523719770e+21
2.894951952010128654e+21
2.540396738801722458e+21
2.798907667366634586e+21
2.703094570984292221e+21
2.897105063725824475e+21
3.019436322697646703e+21
3.097374956702175068e+21
3.146083475192319312e+21
3.176339336411443364e+21
3.195339906771101155e+21
3.206864163265548124e+21
3.215681214458829996e+21
3.223314377895276184e+21
3.227995532338110398e+21
1.682712004991310365e+21
9.013112384085410447e+20
1.279520013096955412e+21
1.670587265278057906e+21
2.034821812026711736e+21
2.342497872596784644e+21
2.590517009143429071e+21
2.787085677015944659e+21
2.941510953386956030e+21
3.051714087524104667e+21
1.415088370744297259e+21
1.859611751335263732e+21
3.062235072544222085e+20
4.942006334572050514e+20
7.647744009744310600e+20
1.084688007846531695e+21
1.433897516771425386e+21
1.787322862719104713e+21
2.115467175202751775e+21
2.409671722660133339e+21
2.662031988893545923e+21
2.855680316447602508e+21
3.000933756358179684e+21
1.954828649775303754e+21
7.744753825640676065e+20
1.143193184972806423e+21
1.549015825275963048e+21
1.933726038348452856e+21
2.267233276530131993e+21
2.538172495373595050e+21
2.746706402348533023e+21
2.902343127051664884e+21
3.013169788496029680e+21
3.093202656349459579e+21
3.148627360046362657e+21
3.184093673707846238e+21
3.205421080165826953e+21
2.764787446863760982e+21
2.941577400762707739e+21
3.045105896069000069e+21
3.109218540500931838e+21
3.149355199082385637e+21
3.174427281828009738e+21
3.189540319758134018e+21
3.198188981479990100e+21
3.204841341207770563e+21
3.210741301391513879e+21
3.213872574094437253e+21
3.214055825244471427e+21
2.743710130281160638e+21
2.913362909309388194e+21
3.017780383841388069e+21
3.084454726555769242e+21
3.125889599078817333e+21
3.151823354853433803e+21
3.167860666586346553e+21
3.178170824734121918e+21
3.186505416423657439e+21
3.193743963608336826e+21
3.198025270206639636e+21
8.123415655819656561e+20
3.970638345757591470e+20
6.108939697745795482e+20
8.755691394791140229e+20
1.183983026180244374e+21
1.512402153005037126e+21
1.839726092496586408e+21
2.148274567956734673e+21
2.426421517534374658e+21
2.667503887700586922e+21
2.858979299879580860e+21
2.740965452598660825e+21
2.906868032366046085e+21
3.016047555764465697e+21
3.080887224730500202e+21
3.121739036351682576e+21
3.147693093076090749e+21
3.163019961106398970e+21
3.171232714495158649e+21
3.174860657994030383e+21
3.176152213606907773e+21
3.177909615604772372e+21
3.180504033693535830e+21
3.181610508828102623e+21
2.809462004289342341e+20
3.257540923692006769e+20
5.193896055656684585e+20
7.715748688946675057e+20
1.075484935201938735e+21
1.411750678297916998e+21
1.754490920353057210e+21
2.087258834512621601e+21
2.386920676907884216e+21
2.644955506185013821e+21
2.840217085417783558e+21
2.974888049715632931e+21
2.830699734065819419e+21
2.965106720537950814e+21
3.046451067200795050e+21
3.095523362025753281e+21
3.125862329076963869e+21
3.143823893548171264e+21
3.153863622632972747e+21
3.159622269217096073e+21
3.163645052089956041e+21
3.168100324724923957e+21
2.339774671661254574e+21
2.266598192116165771e+21
9.065224499741847716e+20
5.156418515493071749e+20
7.937751072439369728e+20
1.122878986088391377e+21
1.473480801874697257e+21
1.822347095355030503e+21
2.147486775383503929e+21
2.422889415457038139e+21
2.649970108098184479e+21
2.826323280228825170e+21
2.957114272736502874e+21
2.556098473705160573e+21
1.940214036584665186e+21
2.127642701088368099e+21
2.456104600875642126e+21
2.688318887227655455e+21
2.847054572225012171e+21
2.950873484454016319e+21
3.019464567451336311e+21
3.065478588361770795e+21
3.096433341213488710e+21
3.118451821500733325e+21
3.135044551330506473e+21
3.146531339386828620e+21
3.152641853819304542e+21
3.155020136033877492e+21
3.157063813429991047e+21
3.160049261532991193e+21
3.161938001102877229e+21
3.161754083637341979e+21
3.159841839390812275e+21
3.156891168141892125e+21
3.153816753568870826e+21
3.152606929361230627e+21
3.153144290271130288e+21
3.152792109371633435e+21
3.151891177284838097e+21
3.150415575886958428e+21
3.148490648546082030e+21
3.148500997322847027e+21
3.149920469168201662e+21
3.150281333608972026e+21
3.149012989696696910e+21
3.146575083367524991e+21
3.143811553918571250e+21
3.142906736262839271e+21
3.142998492717539394e+21
3.141626573345682096e+21
3.139357906276614406e+21
3.137089137770391142e+21
3.136352650056418984e+21
3.137706703894045262e+21
3.138956126588194259e+21
3.138508968889700319e+21
3.136535444221282746e+21
3.133650333052923019e+21
3.131890057758029382e+21
3.132545188364225085e+21
3.133354570158158905e+21
3.132584264936940634e+21
3.130687357817358123e+21
1.929500914965217542e+21
2.291074674020606280e+21
2.553886351880418755e+21
2.735687346414774911e+21
2.860043140627421987e+21
2.945167820413947347e+21
3.004113565633483375e+21
3.045048820397434208e+21
3.074779156900474782e+21
3.094694455281956946e+21
3.105444316889962512e+21
1.428056854772035617e+21
4.546543484093987553e+20
6.927771520144868639e+20
9.831400347894223995e+20
1.305104345905382556e+21
1.641731885180403581e+21
1.967452879353554928e+21
2.264384510125974225e+21
2.516039495435909857e+21
2.723564716198330892e+21
2.871458493471616139e+21
2.968872980851976569e+21
1.421169229603120873e+21
1.845017466243343712e+21
2.207707767842622931e+21
2.485542861347062022e+21
2.686712235693180453e+21
2.822898886857786393e+21
2.915755710641791828e+21
2.979751109798831063e+21
3.024377795108657431e+21
3.056611142528990183e+21
3.079174848217668911e+21
3.092376840439822549e+21
3.099459574516132348e+21
3.102683825145959678e+21
3.104409015312791896e+21
3.107250733560356143e+21
3.110638673877498069e+21
3.112378721025728184e+21
3.111921413840774365e+21
3.110188937778405835e+21
3.108976450438023348e+21
3.109961104522454499e+21
1.975729351200582140e+21
1.881331693510868337e+21
1.830511021125889950e+21
1.430129894033735549e+21
1.836256418786134196e+21
2.168046048793791562e+21
2.424709661289361703e+21
2.619273217035221860e+21
2.761461585054139417e+21
2.864933865857882259e+21
2.936567545012095025e+21
2.988161509188345266e+21
3.025827627716300505e+21
3.050423460102287655e+21
3.063561404050937741e+21
3.070229953892234822e+21
3.073905624010308714e+21
3.077120234988088852e+21
3.079827960596424819e+21
3.080535184209568334e+21
3.079264307582671520e+21
3.076752203961160696e+21
3.074327025259142709e+21
3.074002011593799369e+21
3.074437683048656929e+21
2.384243583619867083e+21
1.360200961517238092e+21
1.699310828156064236e+20
2.738717161423397519e+20
4.180273959672038687e+20
6.057074127385189417e+20
8.469355404798301307e+20
1.135982960949173813e+21
1.462367382547078054e+21
1.814230803912198455e+21
2.161177033530681590e+21
2.461554571093105181e+21
8.313238651046515180e+20
6.044426710973504553e+20
7.031155913790800527e+20
1.034219660036154327e+21
1.401514842450320425e+21
1.755400862398463082e+21
2.067469876404268040e+21
2.329738934359001137e+21
2.539241579925226390e+21
2.702400939807948669e+21
2.828664478288771547e+21
2.918416573392924705e+21
1.449265343031800758e+21
7.481168430276184637e+20
1.097102847376193487e+21
1.482992851377953178e+21
1.844606538583505371e+21
2.151775160208655385e+21
2.397080469529309479e+21
2.585191425047805821e+21
2.725556456944143172e+21
2.831692750166823010e+21
2.910854620261002510e+21
2.965814720506979418e+21
2.320358226724490314e+21
2.166815544692718436e+21
2.463701729562280329e+21
2.663694446930497110e+21
2.795898895893398028e+21
2.881941895220189725e+21
2.936024446730819863e+21
2.970011197058001142e+21
2.991360534237313237e+21
3.004967711073997685e+21
3.015152824661174649e+21
3.021518416141861519e+21
2.615388597798164234e+21
3.312012688138707272e+20
5.288090482878651433e+20
7.959338260439787110e+20
1.113105586872002150e+21
1.449724680156175925e+21
1.777347070435508093e+21
2.073731093721208586e+21
2.326010706935314907e+21
2.532295490601509978e+21
2.698260325329847452e+21
2.821956412352226132e+21
1.957632029632100303e+21
1.844211803646817403e+20
3.052714446010502349e+20
4.877517557268035666e+20
7.349373853920104284e+20
1.020809903356489630e+21
1.334561664373510898e+21
1.655913915609192595e+21
1.965324505171119833e+21
2.247579677876224786e+21
2.493756874625062535e+21
2.685556212702958846e+21
2.812441002017067368e+21
1.732904376505402393e+21
1.586613088724564050e+21
1.966436262972001878e+21
2.272344236399862219e+21
2.497680471739692220e+21
2.658388456392049558e+21
2.770775012545496875e+21
2.850290396310156607e+21
2.907127911654545687e+21
2.947410236746175611e+21
2.974037671568010641e+21
2.332268237039183331e+21
1.936117248236697682e+21
1.679552996081338941e+21
2.056421709263908897e+21
2.345847283776453870e+21
2.549948870952173961e+21
2.692300435877515493e+21
2.790389167401005482e+21
2.858839054701876478e+21
2.906823352923780547e+21
2.941128825029356159e+21
2.965166082458889748e+21
2.655493384207715009e+21
1.134318806198966288e+21
1.536107835290446987e+21
1.924649874536547746e+21
2.228966137652833157e+21
2.457534090380124881e+21
2.624213036653820772e+21
2.740375627873938571e+21
2.820914512356758258e+21
2.877521526608031121e+21
2.918277892095799198e+21
2.946995457896984609e+21
6.219642252168373207e+20
9.334392463264853524e+20
1.193594416805904384e+21
1.583473178661540332e+21
1.932520187568103621e+21
2.219719722400235651e+21
2.438580382522687881e+21
2.600948572328854290e+21
2.721558092308730085e+21
2.811805776199402127e+21
2.876632439484998746e+21
2.920550786537652486e+21
2.948150012408487215e+21
2.963065276055975100e+21
2.970259142071659528e+21
2.974155511058204721e+21
2.977870398073755664e+21
2.980803073825712898e+21
2.981616060455570113e+21
2.980495035870541251e+21
2.978021619095696835e+21
2.975212088255519916e+21
2.974380829118314316e+21
2.975330670206375166e+21
1.859311565227836834e+21
1.395851358671168340e+21
5.136938388116191969e+20
2.256755021178019185e+20
3.560873586102946365e+20
5.311984335711996477e+20
7.507675770991443968e+20
1.017216621807999779e+21
1.327391822904799527e+21
1.668456463182159675e+21
2.019475771160047911e+21
2.333112805456492364e+21
2.305238934452101448e+21
1.524270974805816115e+21
1.919272011448297980e+21
2.233678497885619225e+21
2.461880703494234571e+21
2.621984936650411606e+21
2.731918061620643234e+21
2.804971022636437996e+21
2.854324342050699346e+21
2.888336496523362697e+21
2.913195172105466937e+21
2.930755714872030790e+21
2.371397059093403795e+21
1.905521957698285863e+21
8.360037647846444892e+20
1.185999568580018176e+21
1.530791134991223095e+21
1.846735378514916409e+21
2.115152890352594584e+21
2.333478019070187799e+21
2.507951533281897873e+21
2.644135369112231084e+21
2.747318169523624870e+21
2.822245565386232693e+21
8.773670659671221862e+20
8.941326666751960678e+20
1.027618147565734330e+21
1.396508201746087281e+21
1.745682574214122177e+21
2.046246427993050972e+21
2.287261867370359816e+21
2.473262082478365475e+21
2.612893149661060661e+21
2.718429418829532103e+21
2.796159476927638798e+21
2.849272685046513795e+21
2.055226409972376011e+21
1.281256289912660689e+21
5.280739182864225403e+20
7.858440349648305521e+20
1.086539464974766178e+21
1.410938300558724039e+21
1.727913371945180856e+21
2.017580001290459546e+21
2.273465626330116391e+21
2.484395458446108918e+21
2.645918965975960519e+21
2.759101521366860431e+21
2.827699536203340055e+21
2.867193725664645612e+21
2.890073814664603501e+21
2.904004837001722855e+21
2.913776189664602358e+21
2.920811510217885876e+21
2.924648473515982848e+21
2.925651555822646329e+21
2.924835774988700090e+21
2.923430512861331849e+21
2.923532948862293508e+21
2.925266878837447197e+21
2.021390529974403334e+21
1.277075960030809555e+21
6.448022540673181286e+20
9.446559262697093857e+20
1.274471743727188836e+21
1.612947194070511124e+21
1.917983444683409588e+21
2.179196519376421913e+21
2.393262004420052779e+21
2.562232825754396656e+21
2.688913725799632732e+21
2.781124117854236443e+21
6.005340830441752494e+20
2.229122890677253571e+20
1.898339257245909975e+20
3.034767514000609116e+20
4.634463205585317396e+20
6.696867990922008986e+20
9.186811986101986918e+20
1.206392698093548077e+21
1.525451506517358412e+21
1.859516676113134518e+21
2.173627427756042879e+21
2.436562927904148685e+21
2.170179989163382669e+21
1.498429750003890651e+21
1.874644343024543072e+21
2.187500581230159593e+21
2.424631017357404275e+21
2.584987967791636152e+21
2.694784440176042574e+21
2.767723308618031825e+21
2.816652251261505634e+21
2.850912709956201873e+21
2.875925966508447498e+21
2.893276358211436282e+21
2.587764204596998177e+21
2.714792742696717910e+21
2.560405867956244840e+21
2.689911507330819686e+21
2.771441738949070422e+21
2.823337713287824409e+21
2.855316457119985697e+21
2.874613444087926751e+21
2.885812569614490010e+21
2.892706170774038774e+21
2.898680436379639874e+21
2.903920119162426360e+21
2.599033017149730324e+21
6.050474658319739126e+20
9.068036834514073027e+20
1.256548443169463730e+21
1.622148212651411636e+21
1.942275193449980625e+21
2.203670759065868042e+21
2.409942524155112980e+21
2.568725681736783495e+21
2.690456422579337953e+21
2.776789446683365736e+21
2.832581937454617461e+21
2.866588239687257686e+21
1.761491983337017573e+21
1.546527699542367535e+21
1.921346621984546488e+21
2.214317254926571667e+21
2.431274157008675668e+21
2.584678185974054257e+21
2.691983489994159817e+21
2.764945920250072269e+21
2.816559365623646257e+21
2.853704872583591625e+21
2.879293016635866612e+21
2.895655968683028120e+21
2.293686786710668575e+21
1.027062015298048098e+21
1.405762980425400320e+21
1.761280111767713481e+21
2.065283012587185766e+21
2.300753488272658006e+21
2.478603094071505322e+21
2.611700932568404722e+21
2.709629774585577603e+21
2.781210518760902361e+21
2.832068692238873919e+21
1.899866601346568815e+21
1.171444059233583497e+21
1.562388939023488123e+21
1.931751000312905466e+21
2.217723338068281000e+21
2.428499150933705359e+21
2.576653304113991778e+21
2.679990024979343737e+21
2.752769358916913463e+21
2.803989735516340748e+21
2.840545931451819885e+21
2.866618058827383702e+21
1.116356403505588732e+21
1.510366153979094630e+21
1.885610245999094923e+21
2.192692012075815797e+21
2.418624537645242909e+21
2.576207551837327327e+21
2.684070563798938288e+21
2.757365533039700476e+21
2.806735316652100420e+21
2.841474457746253283e+21
2.866760396631167730e+21
2.882983085263952544e+21
3.607420574182248284e+20
4.850076493964620595e+20
1.169384515638388490e+20
1.927571888733647667e+20
3.018141318942133453e+20
4.525761685538055127e+20
6.464551089291121132e+20
8.911253659912636989e+20
1.187458417994459513e+21
1.527735498857012789e+21
1.888103995320740086e+21
1.907596673799362707e+21
6.358129682387963740e+20
4.192745489197257851e+20
5.929323419340239012e+20
8.879370246521181962e+20
1.212614751106159608e+21
1.533867619681089094e+21
1.833967389941801681e+21
2.098683310470312231e+21
2.318478226261147124e+21
2.499709343979503354e+21
2.635655480066583298e+21
2.735765350048863355e+21
2.797231205606645826e+21
2.832442017439527993e+21
2.226981392484135076e+21
2.455589837154140291e+21
2.603963443026498945e+21
2.698661291675384545e+21
2.759065632777543090e+21
2.798570745158179488e+21
2.823462740782427406e+21
2.840647584869834555e+21
2.853865774329508659e+21
2.863048469464551522e+21
2.867493826311452885e+21
1.105895885363269599e+21
9.508429119354676183e+20
1.309763579784569291e+21
1.647912393680710795e+21
1.946190824762516439e+21
2.192714468992408355e+21
2.387595736132344611e+21
2.535161083699670286e+21
2.647162400803230056e+21
2.730144962644608549e+21
2.785403458826458366e+21
1.177802528738628338e+21
1.565176395010956591e+21
1.931789789686054519e+21
2.226837541414211682e+21
2.435631284027037581e+21
2.577520772405942288e+21
2.672100568750922662e+21
2.734498364028608840e+21
2.776554245105209311e+21
2.806403231280050209e+21
2.828243160106442686e+21
2.843988797443057648e+21
2.853810142942863032e+21
1.407341497301241954e+21
8.683852836158860165e+20
1.212075726297625002e+21
1.556815903458588885e+21
1.870878889300641448e+21
2.131839375148630934e+21
2.340325696180551942e+21
2.498325295536747839e+21
2.618303403621327831e+21
2.708053502244351902e+21
2.770758600125543088e+21
1.743860026799182578e+21
7.946303570465521664e+20
1.678052895652680499e+20
2.701918559007542149e+20
4.093129910829731676e+20
5.911066793457719706e+20
8.178737774032322560e+20
1.081949448336008937e+21
1.377358035443903627e+21
1.689784270720525140e+21
2.006106668003938796e+21
2.282818728890470760e+21
1.229077693358465352e+21
1.620816089514995089e+21
1.979836418618866008e+21
2.251217370137687228e+21
2.441148458401126154e+21
2.572755108207906521e+21
2.660416536712184857e+21
2.718798530902917382e+21
2.757754918135985603e+21
2.784796465404740370e+21
2.804608848971355914e+21
2.818744449989179605e+21
2.826009855817754345e+21
7.589493623403273257e+20
1.102139671338818077e+21
1.472107551664625680e+21
1.794181248579070591e+21
2.067901319258583073e+21
2.283552949177126748e+21
2.444799159945708175e+21
2.565361890779623064e+21
2.651734876523776180e+21
2.715073207306626793e+21
2.759697613939515851e+21
2.787846552063080137e+21
2.488174710472155595e+21
2.078079890837210923e+21
2.334448883412926988e+21
2.500390826696122040e+21
2.609401592243227722e+21
2.680766991434655465e+21
2.726875390264291623e+21
2.757088137317255741e+21
2.777586305938181063e+21
2.793049716514684404e+21
2.804432630508643942e+21
2.811315630126669496e+21
5.756326767096667177e+20
1.668085314070190490e+20
2.669728267782933709e+20
4.063948327757578240e+20
5.868817870016346194e+20
8.098019986846177034e+20
1.067215735629288309e+21
1.356181092847700935e+21
1.664771384413512794e+21
1.972738267404012618e+21
2.254264576850871714e+21
1.706738804332033737e+21
2.046951371438475182e+21
2.299198471738610156e+21
2.472958013949508321e+21
2.590257374619290305e+21
2.665561722328500929e+21
2.712862819833933726e+21
2.743651868438210019e+21
2.763608161286102188e+21
2.776851763710672765e+21
2.787310732707399991e+21
2.794707553463545364e+21
2.599929632290993865e+21
2.813467686942936924e+20
3.621959404580502897e+20
5.635732552076802130e+20
8.116632285554233836e+20
1.095915817147318141e+21
1.400837522900155105e+21
1.696642677332593082e+21
1.968793235059398935e+21
2.208076174063379939e+21
2.401653336748041699e+21
2.547517718248979169e+21
2.647010735957960294e+21
2.709982570454676668e+21
2.746363651542118040e+21
2.767497987053311230e+21
2.781420585368320213e+21
2.790924622887894122e+21
2.796006324991164416e+21
2.797664482904462852e+21
2.797075084885703524e+21
2.795165669482205020e+21
2.793576626684460270e+21
2.793330199913707864e+21
2.793167532456948007e+21
2.461817542658357723e+21
1.920826406133232566e+21
2.190130202056101986e+21
2.385605500683583750e+21
2.521903419563376116e+21
2.613278373827591537e+21
2.674170286229357068e+21
2.715140479788102189e+21
2.743319302455715955e+21
2.764093811829675393e+21
2.778499281226263691e+21
1.604594144264735162e+21
1.549188572427806310e+21
1.906900582148925293e+21
2.196687900327161889e+21
2.390800285712748380e+21
2.521829231887123481e+21
2.608234819652561142e+21
2.665411683788959252e+21
2.703567630972432155e+21
2.729864091425777385e+21
2.749541078094436106e+21
2.762725967874574254e+21
2.770040590999038198e+21
1.982354607194390135e+21
1.895375079470576435e+21
2.182101993082416267e+21
2.376003978532331454e+21
2.508256284532425622e+21
2.596825303837140582e+21
2.654943069775815770e+21
2.693446339675852112e+21
2.718657752881104421e+21
2.737601680414898913e+21
2.751035049885913055e+21
2.758735149291334009e+21
5.997611299554265661e+20
6.331415285887966413e+19
1.043904994931717079e+20
1.646246945450253681e+20
2.493647442704947610e+20
3.664006349699252879e+20
5.195189584320175145e+20
7.222009827656252785e+20
9.839470171642721731e+20
1.301419643957945041e+21
1.645047497917001892e+21
1.986424735219364397e+21
2.248424747950250394e+21
2.436007234536609939e+21
2.557823585497678086e+21
2.632258319052418580e+21
2.678848815300084236e+21
2.708102232650956669e+21
2.726413638895993881e+21
2.738405300916433977e+21
2.747751212116412465e+21
2.755787521418171777e+21
2.761081163383988290e+21
2.046159358233372787e+21
2.082269850914495922e+21
1.131624360476588245e+21
1.487424354470518850e+21
1.810419476338900206e+21
2.071580367598128202e+21
2.274381438146641396e+21
2.425087490373981831e+21
2.537407635832321868e+21
2.619326562662426870e+21
2.677814033083969569e+21
2.714197338102306963e+21
1.536374208145357013e+21
1.383726239039466766e+21
1.137335100454967837e+21
1.500039315139043787e+21
1.816138745846429647e+21
2.076726923230668915e+21
2.279183846474937532e+21
2.429338837549156139e+21
2.538055021684213154e+21
2.615031400382980948e+21
2.670422582174166811e+21
2.709551424695334601e+21
2.496574182971656897e+21
9.033368800592651878e+20
8.112411540973959250e+20
1.133092146720399032e+21
1.461068329508056859e+21
1.759944900174472282e+21
2.012826123924024066e+21
2.215133971695062221e+21
2.373435530912469615e+21
2.493836276553511600e+21
2.582938458194906710e+21
2.647417062693879677e+21
2.690761606932692730e+21
2.135716453059851452e+21
2.358667469111615554e+21
2.498462963362849358e+21
2.586149334621942710e+21
2.642609672979687670e+21
2.678834032388329177e+21
2.701289071659234361e+21
2.714770566594844164e+21
2.723164050514873156e+21
2.729909686414940307e+21
2.735865866938351616e+21
7.337759624406764093e+20
8.582235831367300547e+20
4.991029565062107628e+20
7.595188691115772477e+20
1.063579648786139447e+21
1.375945718455136158e+21
1.671650337509576278e+21
1.933990987504345940e+21
2.150014997455790146e+21
2.325299004883798327e+21
2.465326823135335416e+21
2.571293628233063334e+21
2.349785544875183178e+21
2.012753111448535958e+21
1.563683621523634258e+21
1.889224142844792930e+21
2.138778421631798477e+21
2.320375006700302762e+21
2.446635115405531152e+21
2.534231346980573938e+21
2.594223673326361903e+21
2.636329797216809517e+21
2.667558847451560411e+21
2.689208758681197871e+21
1.784076349282024423e+21
8.769408222914420408e+20
1.231204508249234080e+21
1.569319175345721311e+21
1.868562088219236106e+21
2.108457006858447356e+21
2.286236759749064131e+21
2.418127251422468112e+21
2.512910763299914121e+21
2.582593538233637274e+21
2.634215783574558736e+21
1.255182218707244417e+21
1.396462028104705638e+20
2.614118977525000602e+19
5.089493111035465728e+18
8.485624994038935552e+18
1.360134061919043174e+19
2.111357426727931904e+19
3.224660503787236966e+19
4.891573550848646349e+19
7.425761963673419776e+19
1.137166687143550484e+20
1.824289513950609736e+20
2.941432142914218230e+20
4.698661786672178790e+20
3.053645673143399219e+20
1.149819719922357371e+20
1.861722768187069235e+20
2.879270000288131973e+20
4.265523354681599590e+20
6.064660414436895621e+20
8.291507040233071575e+20
1.090502932646275056e+21
1.385373748002659500e+21
1.694344935004968059e+21
1.983696432818515608e+21
1.396202780602341523e+21
1.403376677779705430e+21
1.755628452439670391e+21
2.044122932247996662e+21
2.248194700359848690e+21
2.388394684718075347e+21
2.481478909677426704e+21
2.543245301300140179e+21
2.584724889109359755e+21
2.613763633505762279e+21
2.635044277089345208e+21
2.650818988769395343e+21
2.662177237463971398e+21
2.670847617548123898e+21
2.236052269072495149e+21
2.397879159430784745e+21
2.508745277899621794e+21
2.582274783643119911e+21
2.630405134222014022e+21
2.662013279199111938e+21
2.683188619681188545e+21
2.697889113076326203e+21
2.708610130928216834e+21
